2.000000000000000000e+00 1.728145902449405727e-04
3.000000000000000000e+00 1.877057184358894262e-04
4.000000000000000000e+00 1.996857021300620007e-04
5.000000000000000000e+00 2.084921307480629116e-04
6.000000000000000000e+00 2.142064837356011517e-04
7.000000000000000000e+00 2.170734724834299579e-04
8.000000000000000000e+00 2.174146422418256688e-04
9.000000000000000000e+00 2.155876189203626003e-04
1.000000000000000000e+01 2.119612291796891276e-04
1.100000000000000000e+01 2.068968240594912776e-04
1.200000000000000000e+01 2.007361215639054776e-04
1.300000000000000000e+01 1.937942103337962597e-04
1.400000000000000000e+01 1.863544191668532843e-04
1.500000000000000000e+01 1.786641266168305278e-04
1.600000000000000000e+01 1.709326091922894913e-04
1.700000000000000000e+01 1.633311669512159121e-04
1.800000000000000000e+01 1.559946355190817340e-04
1.900000000000000000e+01 1.490237266612542261e-04
2.000000000000000000e+01 1.424882771051515641e-04
2.100000000000000000e+01 1.364313044793852628e-04
2.200000000000000000e+01 1.308732189897653597e-04
2.300000000000000000e+01 1.258154828381675202e-04
2.400000000000000000e+01 1.212435329248904062e-04
2.500000000000000000e+01 1.171293361553826464e-04
2.600000000000000000e+01 1.134340781804254566e-04
2.700000000000000000e+01 1.101112039921588615e-04
2.800000000000000000e+01 1.071096396199846428e-04
2.900000000000000000e+01 1.043768095239201114e-04
3.000000000000000000e+01 1.018611046766175455e-04
3.100000000000000000e+01 9.951365793910645660e-05
3.200000000000000000e+01 9.728949765780749712e-05
3.300000000000000000e+01 9.514827394432175350e-05
3.400000000000000000e+01 9.305476026984632598e-05
3.500000000000000000e+01 9.097926090642024534e-05
3.600000000000000000e+01 8.889795848085101581e-05
3.700000000000000000e+01 8.679316115575725764e-05
3.800000000000000000e+01 8.465337711047520258e-05
3.900000000000000000e+01 8.247315358968649581e-05
4.000000000000000000e+01 8.025265373565861418e-05
4.100000000000000000e+01 7.799698819873242793e-05
4.200000000000000000e+01 7.571535529551489470e-05
4.300000000000000000e+01 7.342006516743687487e-05
4.400000000000000000e+01 7.112552845140761369e-05
4.500000000000000000e+01 6.884728145808969072e-05
4.600000000000000000e+01 6.660110296726764155e-05
4.700000000000000000e+01 6.440225783366922108e-05
4.800000000000000000e+01 6.226488386124714362e-05
4.900000000000000000e+01 6.020152342393336200e-05
5.000000000000000000e+01 5.822279108098314942e-05
5.100000000000000000e+01 5.633716274605050868e-05
5.200000000000000000e+01 5.455086989078654423e-05
5.300000000000000000e+01 5.286788258884475518e-05
5.400000000000000000e+01 5.128996678052463737e-05
5.500000000000000000e+01 4.981680305564493706e-05
5.600000000000000000e+01 4.844615592929552060e-05
5.700000000000000000e+01 4.717408374855358967e-05
5.800000000000000000e+01 4.599517998977216014e-05
5.900000000000000000e+01 4.490283691655196167e-05
6.000000000000000000e+01 4.388952257428577750e-05
6.100000000000000000e+01 4.294706211189519725e-05
6.200000000000000000e+01 4.206691461986542641e-05
6.300000000000000000e+01 4.124043716745495129e-05
6.400000000000000000e+01 4.045912855331427463e-05
6.500000000000000000e+01 3.971484643305321128e-05
6.600000000000000000e+01 3.899999288814290946e-05
6.700000000000000000e+01 3.830766505798363712e-05
6.800000000000000000e+01 3.763176906527631249e-05
6.900000000000000000e+01 3.696709702230274237e-05
7.000000000000000000e+01 3.630936832545681863e-05
7.100000000000000000e+01 3.565523766172549444e-05
7.200000000000000000e+01 3.500227312188770374e-05
7.300000000000000000e+01 3.434890852215769647e-05
7.400000000000000000e+01 3.369437448023691282e-05
7.500000000000000000e+01 3.303861299070651170e-05
7.600000000000000000e+01 3.238218022723412680e-05
7.700000000000000000e+01 3.172614210091910617e-05
7.800000000000000000e+01 3.107196676389125295e-05
7.900000000000000000e+01 3.042141780334538289e-05
8.000000000000000000e+01 2.977645135925543603e-05
8.100000000000000000e+01 2.913911985064148943e-05
8.200000000000000000e+01 2.851148443712130939e-05
8.300000000000000000e+01 2.789553779609655528e-05
8.400000000000000000e+01 2.729313827790306194e-05
8.500000000000000000e+01 2.670595602374201613e-05
8.600000000000000000e+01 2.613543120250466477e-05
8.700000000000000000e+01 2.558274414781065291e-05
8.800000000000000000e+01 2.504879685823119259e-05
8.900000000000000000e+01 2.453420506227230714e-05
9.000000000000000000e+01 2.403929984420433762e-05
9.100000000000000000e+01 2.356413767500400966e-05
9.200000000000000000e+01 2.310851759138668482e-05
9.300000000000000000e+01 2.267200421132033777e-05
9.400000000000000000e+01 2.225395526218282063e-05
9.500000000000000000e+01 2.185355232310661543e-05
9.600000000000000000e+01 2.146983354102792864e-05
9.700000000000000000e+01 2.110172716531446700e-05
9.800000000000000000e+01 2.074808485330074205e-05
9.900000000000000000e+01 2.040771382334057854e-05
1.000000000000000000e+02 2.007940706793828539e-05
1.100000000000000000e+02 1.722937499772313107e-05
1.200000000000000000e+02 1.478266431196033183e-05
1.300000000000000000e+02 1.271478928362748877e-05
1.400000000000000000e+02 1.108016115391061911e-05
1.500000000000000000e+02 9.760491401942820110e-06
1.600000000000000000e+02 8.638065303423893786e-06
1.700000000000000000e+02 7.676367893601481691e-06
1.800000000000000000e+02 6.863696998537806994e-06
1.900000000000000000e+02 6.173893915880671522e-06
2.000000000000000000e+02 5.576800706098226529e-06
2.100000000000000000e+02 5.053654775909587551e-06
2.200000000000000000e+02 4.595825087414090008e-06
2.300000000000000000e+02 4.196538320757474946e-06
2.400000000000000000e+02 3.847023745551755382e-06
2.500000000000000000e+02 3.537974540694571060e-06
2.600000000000000000e+02 3.262005406659283207e-06
2.700000000000000000e+02 3.014325125286132882e-06
2.800000000000000000e+02 2.791810653640084689e-06
2.900000000000000000e+02 2.591839580204266983e-06
3.000000000000000000e+02 2.411743463301099392e-06
3.100000000000000000e+02 2.248886817790266610e-06
3.200000000000000000e+02 2.100960389329994794e-06
3.300000000000000000e+02 1.966146025013615307e-06
3.400000000000000000e+02 1.843063615457569341e-06
3.500000000000000000e+02 1.730595027912463342e-06
3.600000000000000000e+02 1.627719236511333674e-06
3.700000000000000000e+02 1.533435237686212128e-06
3.800000000000000000e+02 1.446773124945515120e-06
3.900000000000000000e+02 1.366848569866578323e-06
4.000000000000000000e+02 1.292911533278823080e-06
4.100000000000000000e+02 1.224361085627121229e-06
4.200000000000000000e+02 1.160724222762938401e-06
4.300000000000000000e+02 1.101613797034685508e-06
4.400000000000000000e+02 1.046685191177901096e-06
4.500000000000000000e+02 9.956062141054246160e-07
4.600000000000000000e+02 9.480455960554553345e-07
4.700000000000000000e+02 9.036773397603915203e-07
4.800000000000000000e+02 8.621936640231377339e-07
4.900000000000000000e+02 8.233186735115029677e-07
5.000000000000000000e+02 7.868170518127872433e-07
5.100000000000000000e+02 7.524953638068957708e-07
5.200000000000000000e+02 7.201965671135610103e-07
5.300000000000000000e+02 6.897902557197032057e-07
5.400000000000000000e+02 6.611617863325336928e-07
5.500000000000000000e+02 6.342030052819694293e-07
