2.000000000000000000e+00 1.231848324197906000e-05
3.000000000000000000e+00 1.213237294208965884e-05
4.000000000000000000e+00 1.193093346111090597e-05
5.000000000000000000e+00 1.172507297525400537e-05
6.000000000000000000e+00 1.152000140479440704e-05
7.000000000000000000e+00 1.131840452375858187e-05
8.000000000000000000e+00 1.112207903931809441e-05
9.000000000000000000e+00 1.093210877598100653e-05
1.000000000000000000e+01 1.074890319344780827e-05
1.100000000000000000e+01 1.057271253246029014e-05
1.200000000000000000e+01 1.040363403316890675e-05
1.300000000000000000e+01 1.024146897583606463e-05
1.400000000000000000e+01 1.008588722012626221e-05
1.500000000000000000e+01 9.936573148067170006e-06
1.600000000000000000e+01 9.793192559491766477e-06
1.700000000000000000e+01 9.655363409775930098e-06
1.800000000000000000e+01 9.522696071199316322e-06
1.900000000000000000e+01 9.394815934492754451e-06
2.000000000000000000e+01 9.271341610974422070e-06
2.100000000000000000e+01 9.151874221608544016e-06
2.200000000000000000e+01 9.036026312415158923e-06
2.300000000000000000e+01 8.923458058850582323e-06
2.400000000000000000e+01 8.813882093387794299e-06
2.500000000000000000e+01 8.707037094094263662e-06
2.600000000000000000e+01 8.602659650168472928e-06
2.700000000000000000e+01 8.500478740521631406e-06
2.800000000000000000e+01 8.400232965893505088e-06
2.900000000000000000e+01 8.301693230563206470e-06
3.000000000000000000e+01 8.204673795006007478e-06
3.100000000000000000e+01 8.109026479113020253e-06
3.200000000000000000e+01 8.014624545104317917e-06
3.300000000000000000e+01 7.921347133487376463e-06
3.400000000000000000e+01 7.829071980771128348e-06
3.500000000000000000e+01 7.737677771057419927e-06
3.600000000000000000e+01 7.647052319225401776e-06
3.700000000000000000e+01 7.557101039834494415e-06
3.800000000000000000e+01 7.467751527498331424e-06
3.900000000000000000e+01 7.378952900319008517e-06
4.000000000000000000e+01 7.290671115179300639e-06
4.100000000000000000e+01 7.202882758969654970e-06
4.200000000000000000e+01 7.115569735937024389e-06
4.300000000000000000e+01 7.028716284980328328e-06
4.400000000000000000e+01 6.942308532750287849e-06
4.500000000000000000e+01 6.856335844362743457e-06
4.600000000000000000e+01 6.770792819643916072e-06
4.700000000000000000e+01 6.685680878737456197e-06
4.800000000000000000e+01 6.601008800786330054e-06
4.900000000000000000e+01 6.516792091152723659e-06
5.000000000000000000e+01 6.433051468265096750e-06
5.100000000000000000e+01 6.349810980459729020e-06
5.200000000000000000e+01 6.267096274887688338e-06
5.300000000000000000e+01 6.184933396902777330e-06
5.400000000000000000e+01 6.103348280058197394e-06
5.500000000000000000e+01 6.022366872144407507e-06
5.600000000000000000e+01 5.942015687304760626e-06
5.700000000000000000e+01 5.862322503745661494e-06
5.800000000000000000e+01 5.783316938798965096e-06
5.900000000000000000e+01 5.705030706725562294e-06
6.000000000000000000e+01 5.627497469436098238e-06
6.100000000000000000e+01 5.550752296418264056e-06
6.200000000000000000e+01 5.474830834596030315e-06
6.300000000000000000e+01 5.399768338495284388e-06
6.400000000000000000e+01 5.325598722867703634e-06
6.500000000000000000e+01 5.252353778833957867e-06
6.600000000000000000e+01 5.180062650765331963e-06
6.700000000000000000e+01 5.108751616623691471e-06
6.800000000000000000e+01 5.038444160742715764e-06
6.900000000000000000e+01 4.969161283969071817e-06
7.000000000000000000e+01 4.900921967173610959e-06
7.100000000000000000e+01 4.833743692332028951e-06
7.200000000000000000e+01 4.767642929557744169e-06
7.300000000000000000e+01 4.702635515345178484e-06
7.400000000000000000e+01 4.638736872326724405e-06
7.500000000000000000e+01 4.575962049239643173e-06
7.600000000000000000e+01 4.514325587161292739e-06
7.700000000000000000e+01 4.453841240972923347e-06
7.800000000000000000e+01 4.394521601230389498e-06
7.900000000000000000e+01 4.336377670176318585e-06
8.000000000000000000e+01 4.279418446658259216e-06
8.100000000000000000e+01 4.223650569230213865e-06
8.200000000000000000e+01 4.169078056299775597e-06
8.300000000000000000e+01 4.115702168711238813e-06
8.400000000000000000e+01 4.063521405514767936e-06
8.500000000000000000e+01 4.012531629559336067e-06
8.600000000000000000e+01 3.962726307322036857e-06
8.700000000000000000e+01 3.914096837994390207e-06
8.800000000000000000e+01 3.866632940801405843e-06
8.900000000000000000e+01 3.820323066942431837e-06
9.000000000000000000e+01 3.775154803186212919e-06
9.100000000000000000e+01 3.731115237541143782e-06
9.200000000000000000e+01 3.688191262904415583e-06
9.300000000000000000e+01 3.646369801440735780e-06
9.400000000000000000e+01 3.605637939920810708e-06
9.500000000000000000e+01 3.565982973690405753e-06
9.600000000000000000e+01 3.527392363776076393e-06
9.700000000000000000e+01 3.489853617429658757e-06
9.800000000000000000e+01 3.453354106879607301e-06
9.900000000000000000e+01 3.417880844044359428e-06
1.000000000000000000e+02 3.383420230450333500e-06
1.100000000000000000e+02 3.090653500856821890e-06
1.200000000000000000e+02 2.874552741648479489e-06
1.300000000000000000e+02 2.706530198794537981e-06
1.400000000000000000e+02 2.564272134583729881e-06
1.500000000000000000e+02 2.430881798131498613e-06
1.600000000000000000e+02 2.292109259256802457e-06
1.700000000000000000e+02 2.140459376286510698e-06
1.800000000000000000e+02 1.977765551008275951e-06
1.900000000000000000e+02 1.812065080495719408e-06
2.000000000000000000e+02 1.652692500969286881e-06
2.100000000000000000e+02 1.507350727592209065e-06
2.200000000000000000e+02 1.381340640251432465e-06
2.300000000000000000e+02 1.277503405806305712e-06
2.400000000000000000e+02 1.196051340270748109e-06
2.500000000000000000e+02 1.134477464358011277e-06
2.600000000000000000e+02 1.088003813955758906e-06
2.700000000000000000e+02 1.050650934054220963e-06
2.800000000000000000e+02 1.016573446302817412e-06
2.900000000000000000e+02 9.811835159607202742e-07
3.000000000000000000e+02 9.417617505008518314e-07
3.100000000000000000e+02 8.975232435168070056e-07
3.200000000000000000e+02 8.492886179371426045e-07
3.300000000000000000e+02 7.989571815895990876e-07
3.400000000000000000e+02 7.489377961169066739e-07
3.500000000000000000e+02 7.016303912650160743e-07
3.600000000000000000e+02 6.590075694191005656e-07
3.700000000000000000e+02 6.223263240170356797e-07
3.800000000000000000e+02 5.919903094951071739e-07
3.900000000000000000e+02 5.675692493654718683e-07
4.000000000000000000e+02 5.479599450069501000e-07
4.100000000000000000e+02 5.316485929904318141e-07
4.200000000000000000e+02 5.170160489521762762e-07
4.300000000000000000e+02 5.026231919004118171e-07
4.400000000000000000e+02 4.874240064046709761e-07
4.500000000000000000e+02 4.708754746357117116e-07
4.600000000000000000e+02 4.529389835564036559e-07
4.700000000000000000e+02 4.339907491459949703e-07
4.800000000000000000e+02 4.146738344271246004e-07
4.900000000000000000e+02 3.957297524865914282e-07
5.000000000000000000e+02 3.778442200971554292e-07
