2.000000000000000000e+00 -3.271497805833935612e-06
3.000000000000000000e+00 -2.510613175000026453e-06
4.000000000000000000e+00 -2.174973980125186796e-06
5.000000000000000000e+00 -1.972990706278954162e-06
6.000000000000000000e+00 -1.823427769028718252e-06
7.000000000000000000e+00 -1.697497292760588335e-06
8.000000000000000000e+00 -1.583934571063377262e-06
9.000000000000000000e+00 -1.477985724509787377e-06
1.000000000000000000e+01 -1.377677744127548876e-06
1.100000000000000000e+01 -1.282395291063500114e-06
1.200000000000000000e+01 -1.191964473916173031e-06
1.300000000000000000e+01 -1.106313866286407045e-06
1.400000000000000000e+01 -1.025478564504135297e-06
1.500000000000000000e+01 -9.495262980091695263e-07
1.600000000000000000e+01 -8.784406024618696323e-07
1.700000000000000000e+01 -8.121115180307603042e-07
1.800000000000000000e+01 -7.503870768932545482e-07
1.900000000000000000e+01 -6.930921603213058762e-07
2.000000000000000000e+01 -6.400184570660454328e-07
2.100000000000000000e+01 -5.909295507577253604e-07
2.200000000000000000e+01 -5.455855077364248018e-07
2.300000000000000000e+01 -5.037598931817332893e-07
2.400000000000000000e+01 -4.652349885793169936e-07
2.500000000000000000e+01 -4.297871776269919087e-07
2.600000000000000000e+01 -3.971814876758496081e-07
2.700000000000000000e+01 -3.671815673234427102e-07
2.800000000000000000e+01 -3.395666922102534103e-07
2.900000000000000000e+01 -3.141433777056189442e-07
3.000000000000000000e+01 -2.907453646614663430e-07
3.100000000000000000e+01 -2.692244401332521367e-07
3.200000000000000000e+01 -2.494392666417845026e-07
3.300000000000000000e+01 -2.312485833204593822e-07
3.400000000000000000e+01 -2.145111187983448967e-07
3.500000000000000000e+01 -1.990905528676678166e-07
3.600000000000000000e+01 -1.848618962471218073e-07
3.700000000000000000e+01 -1.717159764154001439e-07
3.800000000000000000e+01 -1.595604018551610816e-07
3.900000000000000000e+01 -1.483172346804440318e-07
4.000000000000000000e+01 -1.379188056046911695e-07
4.100000000000000000e+01 -1.283033988316453980e-07
4.200000000000000000e+01 -1.194121103426878909e-07
4.300000000000000000e+01 -1.111874329500205536e-07
4.400000000000000000e+01 -1.035734136267583762e-07
4.500000000000000000e+01 -9.651678553015584802e-08
4.600000000000000000e+01 -8.996835483388976435e-08
4.700000000000000000e+01 -8.388405483366890736e-08
4.800000000000000000e+01 -7.822534510170711864e-08
4.900000000000000000e+01 -7.295891232048044458e-08
5.000000000000000000e+01 -6.805583914899441464e-08
5.100000000000000000e+01 -6.349051244693981900e-08
5.200000000000000000e+01 -5.923954683406014196e-08
5.300000000000000000e+01 -5.528093302112605948e-08
5.400000000000000000e+01 -5.159352027710915587e-08
5.500000000000000000e+01 -4.815684261901490216e-08
5.600000000000000000e+01 -4.495122192380685979e-08
5.700000000000000000e+01 -4.195803872402693162e-08
5.800000000000000000e+01 -3.916005274341007775e-08
5.900000000000000000e+01 -3.654167284594970320e-08
6.000000000000000000e+01 -3.408910931988098674e-08
6.100000000000000000e+01 -3.179037958671782593e-08
6.200000000000000000e+01 -2.963517294251585350e-08
6.300000000000000000e+01 -2.761460537276968678e-08
6.400000000000000000e+01 -2.572090960306886998e-08
6.500000000000000000e+01 -2.394710876056061493e-08
6.600000000000000000e+01 -2.228671650466475299e-08
6.700000000000000000e+01 -2.073349528812099008e-08
6.800000000000000000e+01 -1.928129068432418368e-08
6.900000000000000000e+01 -1.792394617797878279e-08
7.000000000000000000e+01 -1.665529143533064039e-08
7.100000000000000000e+01 -1.546918898541786305e-08
7.200000000000000000e+01 -1.435961982319286930e-08
7.300000000000000000e+01 -1.332078744845201573e-08
7.400000000000000000e+01 -1.234722163367475847e-08
7.500000000000000000e+01 -1.143386691462337758e-08
7.600000000000000000e+01 -1.057614552877956559e-08
7.700000000000000000e+01 -9.769989486589967043e-09
7.800000000000000000e+01 -9.011841014591416874e-09
7.900000000000000000e+01 -8.298624325051002472e-09
8.000000000000000000e+01 -7.627694312257667598e-09
8.100000000000000000e+01 -6.996769295821094927e-09
8.200000000000000000e+01 -6.403855408384808130e-09
8.300000000000000000e+01 -5.847169834296010540e-09
8.400000000000000000e+01 -5.325069072675852240e-09
8.500000000000000000e+01 -4.835986962383887447e-09
8.600000000000000000e+01 -4.378385592297921198e-09
8.700000000000000000e+01 -3.950720618960633553e-09
8.800000000000000000e+01 -3.551421071241401784e-09
8.900000000000000000e+01 -3.178882536570890749e-09
9.000000000000000000e+01 -2.831471748204920137e-09
9.100000000000000000e+01 -2.507540040960113066e-09
9.200000000000000000e+01 -2.205442895719619793e-09
9.300000000000000000e+01 -1.923562810263645033e-09
9.400000000000000000e+01 -1.660332961698013765e-09
9.500000000000000000e+01 -1.414259504298897431e-09
9.600000000000000000e+01 -1.183940816956742226e-09
9.700000000000000000e+01 -9.680825229114678110e-10
9.800000000000000000e+01 -7.655076058779508472e-10
9.900000000000000000e+01 -5.751614057962036915e-10
1.000000000000000000e+02 -3.961116696498702510e-10
1.100000000000000000e+02 9.077779189330385266e-10
1.200000000000000000e+02 1.582716852622947866e-09
1.300000000000000000e+02 1.938073586811517532e-09
1.400000000000000000e+02 2.180552790552802014e-09
1.500000000000000000e+02 2.360720395160693372e-09
1.600000000000000000e+02 2.488273412304274367e-09
1.700000000000000000e+02 2.577426523511946321e-09
1.800000000000000000e+02 2.628694847961023616e-09
1.900000000000000000e+02 2.630523765506035858e-09
2.000000000000000000e+02 2.577000284700966786e-09
2.100000000000000000e+02 2.475602672820318326e-09
2.200000000000000000e+02 2.342429359385506743e-09
2.300000000000000000e+02 2.194739244894917931e-09
2.400000000000000000e+02 2.046954296996768145e-09
2.500000000000000000e+02 1.909977069047232310e-09
2.600000000000000000e+02 1.791446312579086857e-09
2.700000000000000000e+02 1.695578140699440184e-09
2.800000000000000000e+02 1.622776045664731145e-09
2.900000000000000000e+02 1.569744906155308925e-09
3.000000000000000000e+02 1.530467213650763049e-09
3.100000000000000000e+02 1.497791394332792773e-09
3.200000000000000000e+02 1.465068452937173712e-09
3.300000000000000000e+02 1.427349991206994027e-09
3.400000000000000000e+02 1.381942868344110198e-09
3.500000000000000000e+02 1.328382208676903144e-09
3.600000000000000000e+02 1.268020340089318958e-09
3.700000000000000000e+02 1.203437179754021491e-09
3.800000000000000000e+02 1.137819274572527207e-09
3.900000000000000000e+02 1.074390720915165075e-09
4.000000000000000000e+02 1.015939488367519886e-09
4.100000000000000000e+02 9.644673343284566233e-10
4.200000000000000000e+02 9.209861144271048442e-10
4.300000000000000000e+02 8.854742091556999351e-10
4.400000000000000000e+02 8.569888543935878151e-10
4.500000000000000000e+02 8.339068095595807362e-10
4.600000000000000000e+02 8.142447494264152172e-10
4.700000000000000000e+02 7.959991829183962975e-10
4.800000000000000000e+02 7.774470488838556578e-10
4.900000000000000000e+02 7.573614452832001555e-10
5.000000000000000000e+02 7.351179161383152508e-10
