2.000000000000000000e+00 3.544832427029258134e-06
3.000000000000000000e+00 3.627907637031505910e-06
4.000000000000000000e+00 3.720468839700716409e-06
5.000000000000000000e+00 3.819069159359384252e-06
6.000000000000000000e+00 3.921201597365633216e-06
7.000000000000000000e+00 4.024915545874863225e-06
8.000000000000000000e+00 4.128748881126198307e-06
9.000000000000000000e+00 4.231599826772256314e-06
1.000000000000000000e+01 4.332548217850307912e-06
1.100000000000000000e+01 4.430853318251510836e-06
1.200000000000000000e+01 4.525986780731624983e-06
1.300000000000000000e+01 4.617548524303214599e-06
1.400000000000000000e+01 4.705183081336639060e-06
1.500000000000000000e+01 4.788600269850161260e-06
1.600000000000000000e+01 4.867620036891591154e-06
1.700000000000000000e+01 4.942148068683406471e-06
1.800000000000000000e+01 5.012110204036075985e-06
1.900000000000000000e+01 5.077423292081390632e-06
2.000000000000000000e+01 5.138021693087145714e-06
2.100000000000000000e+01 5.193896210805870492e-06
2.200000000000000000e+01 5.245102026625050514e-06
2.300000000000000000e+01 5.291731161762526529e-06
2.400000000000000000e+01 5.333874180976312005e-06
2.500000000000000000e+01 5.371596216877770280e-06
2.600000000000000000e+01 5.404936082332085129e-06
2.700000000000000000e+01 5.433922619092787980e-06
2.800000000000000000e+01 5.458597458412491089e-06
2.900000000000000000e+01 5.479035577182040260e-06
3.000000000000000000e+01 5.495358957651414100e-06
3.100000000000000000e+01 5.507741231270988680e-06
3.200000000000000000e+01 5.516402437823414787e-06
3.300000000000000000e+01 5.521594199685386474e-06
3.400000000000000000e+01 5.523577369115884594e-06
3.500000000000000000e+01 5.522596167792671682e-06
3.600000000000000000e+01 5.518854085812838225e-06
3.700000000000000000e+01 5.512496651117446177e-06
3.800000000000000000e+01 5.503604574442108838e-06
3.900000000000000000e+01 5.492198276299807952e-06
4.000000000000000000e+01 5.478252238780013466e-06
4.100000000000000000e+01 5.461715725495476922e-06
4.200000000000000000e+01 5.442535574754118159e-06
4.300000000000000000e+01 5.420677008577629106e-06
4.400000000000000000e+01 5.396139438081067840e-06
4.500000000000000000e+01 5.368965673743318065e-06
4.600000000000000000e+01 5.339244369169930867e-06
4.700000000000000000e+01 5.307106650119501696e-06
4.800000000000000000e+01 5.272718563639384551e-06
4.900000000000000000e+01 5.236271215505972202e-06
5.000000000000000000e+01 5.197970331448711562e-06
5.100000000000000000e+01 5.158026607785021723e-06
5.200000000000000000e+01 5.116647742952580905e-06
5.300000000000000000e+01 5.074032572199653322e-06
5.400000000000000000e+01 5.030367336179312041e-06
5.500000000000000000e+01 4.985823835976551844e-06
5.600000000000000000e+01 4.940559067316321524e-06
5.700000000000000000e+01 4.894715870061880930e-06
5.800000000000000000e+01 4.848424149898367660e-06
5.900000000000000000e+01 4.801802299213719435e-06
6.000000000000000000e+01 4.754958538509459348e-06
6.100000000000000000e+01 4.707991998752303801e-06
6.200000000000000000e+01 4.660993455825558553e-06
6.300000000000000000e+01 4.614045703278211866e-06
6.400000000000000000e+01 4.567223605939391777e-06
6.500000000000000000e+01 4.520593914697556321e-06
6.600000000000000000e+01 4.474214943612555564e-06
6.700000000000000000e+01 4.428136217125451919e-06
6.800000000000000000e+01 4.382398190272893011e-06
6.900000000000000000e+01 4.337032131231282267e-06
7.000000000000000000e+01 4.292060235735286239e-06
7.100000000000000000e+01 4.247496019235334183e-06
7.200000000000000000e+01 4.203345007173265197e-06
7.300000000000000000e+01 4.159605718363220162e-06
7.400000000000000000e+01 4.116270912857148452e-06
7.500000000000000000e+01 4.073329055295690387e-06
7.600000000000000000e+01 4.030765928740988320e-06
7.700000000000000000e+01 3.988566323153745946e-06
7.800000000000000000e+01 3.946715717420949958e-06
7.900000000000000000e+01 3.905201874175062358e-06
8.000000000000000000e+01 3.864016272204130205e-06
8.100000000000000000e+01 3.823155311340480432e-06
8.200000000000000000e+01 3.782621238381902344e-06
8.300000000000000000e+01 3.742422758724009587e-06
8.400000000000000000e+01 3.702575315771744692e-06
8.500000000000000000e+01 3.663101037675686204e-06
8.600000000000000000e+01 3.624028367427450557e-06
8.700000000000000000e+01 3.585391406933877082e-06
8.800000000000000000e+01 3.547229017666621085e-06
8.900000000000000000e+01 3.509583729379913744e-06
9.000000000000000000e+01 3.472500513970285407e-06
9.100000000000000000e+01 3.436025483808597573e-06
9.200000000000000000e+01 3.400204572995911410e-06
9.300000000000000000e+01 3.365082256331935045e-06
9.400000000000000000e+01 3.330700354809028220e-06
9.500000000000000000e+01 3.297096968703309419e-06
9.600000000000000000e+01 3.264305570407817469e-06
9.700000000000000000e+01 3.232354279616534550e-06
9.800000000000000000e+01 3.201265333860695254e-06
9.900000000000000000e+01 3.171054758195722643e-06
1.000000000000000000e+02 3.141732229433305470e-06
1.100000000000000000e+02 2.895444398550270889e-06
1.200000000000000000e+02 2.716156923202192746e-06
1.300000000000000000e+02 2.575091571523097207e-06
1.400000000000000000e+02 2.451358442519454140e-06
1.500000000000000000e+02 2.329512244953282054e-06
1.600000000000000000e+02 2.200582872100009886e-06
1.700000000000000000e+02 2.062474699218672955e-06
1.800000000000000000e+02 1.916493479289558582e-06
1.900000000000000000e+02 1.765628957444168821e-06
2.000000000000000000e+02 1.615682623574203011e-06
2.100000000000000000e+02 1.475403855306429836e-06
2.200000000000000000e+02 1.353772010975742532e-06
2.300000000000000000e+02 1.256279222855977993e-06
2.400000000000000000e+02 1.182874736229521554e-06
2.500000000000000000e+02 1.128557329410288560e-06
2.600000000000000000e+02 1.085784692252590094e-06
2.700000000000000000e+02 1.047199739632092738e-06
2.800000000000000000e+02 1.007540773781259654e-06
2.900000000000000000e+02 9.643409567751180948e-07
3.000000000000000000e+02 9.176133753937930648e-07
3.100000000000000000e+02 8.689804749113146634e-07
3.200000000000000000e+02 8.206959208698783324e-07
3.300000000000000000e+02 7.748574970586676899e-07
3.400000000000000000e+02 7.329367472677685048e-07
3.500000000000000000e+02 6.956186551428314297e-07
3.600000000000000000e+02 6.628715632846712674e-07
3.700000000000000000e+02 6.341458824799516203e-07
3.800000000000000000e+02 6.086118635370790576e-07
3.900000000000000000e+02 5.853738518928653177e-07
4.000000000000000000e+02 5.636278319410526965e-07
4.100000000000000000e+02 5.427531708088872131e-07
4.200000000000000000e+02 5.223454483541911352e-07
4.300000000000000000e+02 5.022053471962950722e-07
4.400000000000000000e+02 4.823005706925236298e-07
4.500000000000000000e+02 4.627158929829536022e-07
4.600000000000000000e+02 4.436027216817274256e-07
4.700000000000000000e+02 4.251354322750096879e-07
4.800000000000000000e+02 4.074780961215628550e-07
4.900000000000000000e+02 3.907624712173014354e-07
5.000000000000000000e+02 3.750763228093844965e-07
