2.000000000000000000e+00 -4.572650488778852761e-07
3.000000000000000000e+00 -4.236907979233484288e-07
4.000000000000000000e+00 -3.895111404990773757e-07
5.000000000000000000e+00 -3.560982175354629517e-07
6.000000000000000000e+00 -3.241965997619475372e-07
7.000000000000000000e+00 -2.941925461112617351e-07
8.000000000000000000e+00 -2.663170099125489022e-07
9.000000000000000000e+00 -2.405980241601879089e-07
1.000000000000000000e+01 -2.169832505770901496e-07
1.100000000000000000e+01 -1.954207540631403979e-07
1.200000000000000000e+01 -1.757924306178130880e-07
1.300000000000000000e+01 -1.579331058045195687e-07
1.400000000000000000e+01 -1.417084815358009199e-07
1.500000000000000000e+01 -1.270131838831715047e-07
1.600000000000000000e+01 -1.137283301390977690e-07
1.700000000000000000e+01 -1.017196674787414700e-07
1.800000000000000000e+01 -9.086128574885351417e-08
1.900000000000000000e+01 -8.104220357012415276e-08
2.000000000000000000e+01 -7.215789094562758366e-08
2.100000000000000000e+01 -6.410939464813553765e-08
2.200000000000000000e+01 -5.681251883745512795e-08
2.300000000000000000e+01 -5.020233268149731997e-08
2.400000000000000000e+01 -4.422525393184830696e-08
2.500000000000000000e+01 -3.882623627586926940e-08
2.600000000000000000e+01 -3.394296164644167426e-08
2.700000000000000000e+01 -2.951102380376204025e-08
2.800000000000000000e+01 -2.547443765591071672e-08
2.900000000000000000e+01 -2.179285574302214407e-08
3.000000000000000000e+01 -1.844088529690141880e-08
3.100000000000000000e+01 -1.540097508278348665e-08
3.200000000000000000e+01 -1.265489287493911952e-08
3.300000000000000000e+01 -1.017846744440634281e-08
3.400000000000000000e+01 -7.941451892321889419e-09
3.500000000000000000e+01 -5.911380311946529117e-09
3.600000000000000000e+01 -4.058707414428285125e-09
3.700000000000000000e+01 -2.360649576310302046e-09
3.800000000000000000e+01 -8.023722729834586667e-10
3.900000000000000000e+01 6.243971173251523881e-10
4.000000000000000000e+01 1.924273183330055143e-09
4.100000000000000000e+01 3.101291454874874165e-09
4.200000000000000000e+01 4.161114481015285224e-09
4.300000000000000000e+01 5.111893638435423333e-09
4.400000000000000000e+01 5.963881491630678326e-09
4.500000000000000000e+01 6.728257668159421238e-09
4.600000000000000000e+01 7.415744935142879772e-09
4.700000000000000000e+01 8.035496584513464979e-09
4.800000000000000000e+01 8.594526281760220562e-09
4.900000000000000000e+01 9.097724474036085679e-09
5.000000000000000000e+01 9.548330992351367096e-09
5.100000000000000000e+01 9.948643455060242603e-09
5.200000000000000000e+01 1.030073391895527248e-08
5.300000000000000000e+01 1.060699903587545841e-08
5.400000000000000000e+01 1.087045087935209509e-08
5.500000000000000000e+01 1.109473828850536954e-08
5.600000000000000000e+01 1.128395236003628910e-08
5.700000000000000000e+01 1.144230537203159303e-08
5.800000000000000000e+01 1.157377984978031249e-08
5.900000000000000000e+01 1.168182977805014238e-08
6.000000000000000000e+01 1.176918810442860235e-08
6.100000000000000000e+01 1.183780272662414292e-08
6.200000000000000000e+01 1.188889438629533865e-08
6.300000000000000000e+01 1.192310890218831484e-08
6.400000000000000000e+01 1.194072482514068314e-08
6.500000000000000000e+01 1.194187548593334073e-08
6.600000000000000000e+01 1.192674961896207936e-08
6.700000000000000000e+01 1.189574463282713982e-08
6.800000000000000000e+01 1.184955844752129301e-08
6.900000000000000000e+01 1.178921731187884332e-08
7.000000000000000000e+01 1.171604649783831278e-08
7.100000000000000000e+01 1.163159731505848412e-08
7.200000000000000000e+01 1.153754724369630893e-08
7.300000000000000000e+01 1.143559040933535435e-08
7.400000000000000000e+01 1.132733372760772199e-08
7.500000000000000000e+01 1.121421059632827066e-08
7.600000000000000000e+01 1.109741979453303580e-08
7.700000000000000000e+01 1.097789295248748485e-08
7.800000000000000000e+01 1.085629011870645255e-08
7.900000000000000000e+01 1.073301991990556273e-08
8.000000000000000000e+01 1.060827875917246200e-08
8.100000000000000000e+01 1.048210244456885408e-08
8.200000000000000000e+01 1.035442348641349121e-08
8.300000000000000000e+01 1.022512787236864042e-08
8.400000000000000000e+01 1.009410621341246731e-08
8.500000000000000000e+01 9.961295533905381127e-09
8.600000000000000000e+01 9.826709457405652179e-09
8.700000000000000000e+01 9.690455953685539621e-09
8.800000000000000000e+01 9.552743041434008308e-09
8.900000000000000000e+01 9.413873809677270620e-09
9.000000000000000000e+01 9.274232794325989949e-09
9.100000000000000000e+01 9.134266124342358471e-09
9.200000000000000000e+01 8.994457961074183764e-09
9.300000000000000000e+01 8.855305638399648410e-09
9.400000000000000000e+01 8.717295624287438421e-09
9.500000000000000000e+01 8.580882022840893238e-09
9.600000000000000000e+01 8.446468873856138403e-09
9.700000000000000000e+01 8.314397031839015603e-09
9.800000000000000000e+01 8.184935956828086875e-09
9.900000000000000000e+01 8.058280353802879444e-09
1.000000000000000000e+02 7.934551274472225743e-09
1.100000000000000000e+02 6.848340955309399220e-09
1.200000000000000000e+02 5.973051563622642960e-09
1.300000000000000000e+02 5.313522523646849201e-09
1.400000000000000000e+02 4.866220403914649100e-09
1.500000000000000000e+02 4.551101841369158509e-09
1.600000000000000000e+02 4.307438933181959251e-09
1.700000000000000000e+02 4.106737582812694704e-09
1.800000000000000000e+02 3.920505957014143859e-09
1.900000000000000000e+02 3.720073994258902490e-09
2.000000000000000000e+02 3.491912780176767016e-09
2.100000000000000000e+02 3.240834592388714224e-09
2.200000000000000000e+02 2.981502398069872922e-09
2.300000000000000000e+02 2.729378065703898340e-09
2.400000000000000000e+02 2.496582841581479491e-09
2.500000000000000000e+02 2.291488148782706270e-09
2.600000000000000000e+02 2.119143817882596967e-09
2.700000000000000000e+02 1.981164157025483058e-09
2.800000000000000000e+02 1.875386955936954774e-09
2.900000000000000000e+02 1.796108881914584480e-09
3.000000000000000000e+02 1.735223500184237121e-09
3.100000000000000000e+02 1.683940102979756349e-09
3.200000000000000000e+02 1.634470113227741588e-09
3.300000000000000000e+02 1.581188933487372976e-09
3.400000000000000000e+02 1.521095776146522112e-09
3.500000000000000000e+02 1.453669842150430865e-09
3.600000000000000000e+02 1.380349340785047808e-09
3.700000000000000000e+02 1.303854065808000169e-09
3.800000000000000000e+02 1.227502504841744263e-09
3.900000000000000000e+02 1.154604273131213131e-09
4.000000000000000000e+02 1.087967108315746604e-09
4.100000000000000000e+02 1.029542594398162643e-09
4.200000000000000000e+02 9.802299873002162690e-10
4.300000000000000000e+02 9.398485640284932592e-10
4.400000000000000000e+02 9.072707452222617975e-10
4.500000000000000000e+02 8.806847075205271425e-10
4.600000000000000000e+02 8.579344066964685768e-10
4.700000000000000000e+02 8.368741451443608881e-10
4.800000000000000000e+02 8.156773583559319477e-10
4.900000000000000000e+02 7.930539101028662287e-10
5.000000000000000000e+02 7.683522853283491201e-10
