2.000000000000000000e+00 3.712905653842935134e-06
3.000000000000000000e+00 3.800218907254301873e-06
4.000000000000000000e+00 3.897341405546871680e-06
5.000000000000000000e+00 4.000641226830601053e-06
6.000000000000000000e+00 4.107502093805959396e-06
7.000000000000000000e+00 4.215863708054997648e-06
8.000000000000000000e+00 4.324232206118175679e-06
9.000000000000000000e+00 4.431435938904223941e-06
1.000000000000000000e+01 4.536498165319615718e-06
1.100000000000000000e+01 4.638717070817261891e-06
1.200000000000000000e+01 4.737567311056549478e-06
1.300000000000000000e+01 4.832581200307454005e-06
1.400000000000000000e+01 4.923380791862351156e-06
1.500000000000000000e+01 5.009711787212586802e-06
1.600000000000000000e+01 5.091403278665660644e-06
1.700000000000000000e+01 5.168331656005758748e-06
1.800000000000000000e+01 5.240419573203247676e-06
1.900000000000000000e+01 5.307630363232186065e-06
2.000000000000000000e+01 5.369945823396480798e-06
2.100000000000000000e+01 5.427355256885298738e-06
2.200000000000000000e+01 5.479868806261447271e-06
2.300000000000000000e+01 5.527534788173767541e-06
2.400000000000000000e+01 5.570437611131098908e-06
2.500000000000000000e+01 5.608676552135519177e-06
2.600000000000000000e+01 5.642344437415414928e-06
2.700000000000000000e+01 5.671522448417024752e-06
2.800000000000000000e+01 5.696291377401477048e-06
2.900000000000000000e+01 5.716747386063804016e-06
3.000000000000000000e+01 5.733009864936672954e-06
3.100000000000000000e+01 5.745217088435190926e-06
3.200000000000000000e+01 5.753514016347479250e-06
3.300000000000000000e+01 5.758040238208466063e-06
3.400000000000000000e+01 5.758924118790609188e-06
3.500000000000000000e+01 5.756284524294055566e-06
3.600000000000000000e+01 5.750237436005100278e-06
3.700000000000000000e+01 5.740903153542257217e-06
3.800000000000000000e+01 5.728410643610412425e-06
3.900000000000000000e+01 5.712897732012540960e-06
4.000000000000000000e+01 5.694507916375833375e-06
4.100000000000000000e+01 5.673385734841414464e-06
4.200000000000000000e+01 5.649672680094624048e-06
4.300000000000000000e+01 5.623504921860560051e-06
4.400000000000000000e+01 5.595013111643918285e-06
4.500000000000000000e+01 5.564323735136679402e-06
4.600000000000000000e+01 5.531561083330328529e-06
4.700000000000000000e+01 5.496848945575013003e-06
4.800000000000000000e+01 5.460311450502075261e-06
4.900000000000000000e+01 5.422072904908298951e-06
5.000000000000000000e+01 5.382256843263394587e-06
5.100000000000000000e+01 5.340984706676068224e-06
5.200000000000000000e+01 5.298374600162860018e-06
5.300000000000000000e+01 5.254540468159034768e-06
5.400000000000000000e+01 5.209591846340128963e-06
5.500000000000000000e+01 5.163634160703040130e-06
5.600000000000000000e+01 5.116769403358163590e-06
5.700000000000000000e+01 5.069096944401000876e-06
5.800000000000000000e+01 5.020714241996742152e-06
5.900000000000000000e+01 4.971717271983715954e-06
6.000000000000000000e+01 4.922200588335209139e-06
6.100000000000000000e+01 4.872257020316234957e-06
6.200000000000000000e+01 4.821977089911978310e-06
6.300000000000000000e+01 4.771448281219037510e-06
6.400000000000000000e+01 4.720754307993120855e-06
6.500000000000000000e+01 4.669974509914493125e-06
6.600000000000000000e+01 4.619183470809584914e-06
6.700000000000000000e+01 4.568450903694031542e-06
6.800000000000000000e+01 4.517841798473247021e-06
6.900000000000000000e+01 4.467416786837367777e-06
7.000000000000000000e+01 4.417232650734128001e-06
7.100000000000000000e+01 4.367342888022864203e-06
7.200000000000000000e+01 4.317798250898623801e-06
7.300000000000000000e+01 4.268647186702311387e-06
7.400000000000000000e+01 4.219936132826027614e-06
7.500000000000000000e+01 4.171709643201937472e-06
7.600000000000000000e+01 4.124010349247709686e-06
7.700000000000000000e+01 4.076878779847997804e-06
7.800000000000000000e+01 4.030353080766115503e-06
7.900000000000000000e+01 3.984468682729192275e-06
8.000000000000000000e+01 3.939257969284945294e-06
8.100000000000000000e+01 3.894749991201822466e-06
8.200000000000000000e+01 3.850970265068270943e-06
8.300000000000000000e+01 3.807940681539101821e-06
8.400000000000000000e+01 3.765679535129918114e-06
8.500000000000000000e+01 3.724201674180532996e-06
8.600000000000000000e+01 3.683518757909771972e-06
8.700000000000000000e+01 3.643639598309034471e-06
8.800000000000000000e+01 3.604570558512381985e-06
8.900000000000000000e+01 3.566315976399096503e-06
9.000000000000000000e+01 3.528878582366091262e-06
9.100000000000000000e+01 3.492259883035529920e-06
9.200000000000000000e+01 3.456460487550919323e-06
9.300000000000000000e+01 3.421480359389172876e-06
9.400000000000000000e+01 3.387318983589148780e-06
9.500000000000000000e+01 3.353975446328401944e-06
9.600000000000000000e+01 3.321448430320329016e-06
9.700000000000000000e+01 3.289736135124742891e-06
9.800000000000000000e+01 3.258836135870501622e-06
9.900000000000000000e+01 3.228745196917241967e-06
1.000000000000000000e+02 3.199459058595251088e-06
1.100000000000000000e+02 2.948819777838700786e-06
1.200000000000000000e+02 2.762076058407430009e-06
1.300000000000000000e+02 2.615460183465172149e-06
1.400000000000000000e+02 2.489491892045647314e-06
1.500000000000000000e+02 2.369000123445504410e-06
1.600000000000000000e+02 2.240849681220039161e-06
1.700000000000000000e+02 2.098168421478730942e-06
1.800000000000000000e+02 1.943061680399293015e-06
1.900000000000000000e+02 1.783688669490238366e-06
2.000000000000000000e+02 1.629491678441047211e-06
2.100000000000000000e+02 1.488305460106810762e-06
2.200000000000000000e+02 1.365576380998092565e-06
2.300000000000000000e+02 1.264291423518783779e-06
2.400000000000000000e+02 1.184805056112689467e-06
2.500000000000000000e+02 1.124747190381094398e-06
2.600000000000000000e+02 1.079465887569533122e-06
2.700000000000000000e+02 1.043088169404202197e-06
2.800000000000000000e+02 1.009848632521611009e-06
2.900000000000000000e+02 9.752112069201039280e-07
3.000000000000000000e+02 9.364837324153673985e-07
3.100000000000000000e+02 8.928908271874325415e-07
3.200000000000000000e+02 8.452522481685890739e-07
3.300000000000000000e+02 7.954620953411510759e-07
3.400000000000000000e+02 7.459238479714531177e-07
3.500000000000000000e+02 6.990343101658539719e-07
3.600000000000000000e+02 6.567663207185237710e-07
3.700000000000000000e+02 6.203806284924338822e-07
3.800000000000000000e+02 5.902876453866625539e-07
3.900000000000000000e+02 5.660658834761138121e-07
4.000000000000000000e+02 5.466217611400015654e-07
4.100000000000000000e+02 5.304507210264827069e-07
4.200000000000000000e+02 5.159415129624270302e-07
4.300000000000000000e+02 5.016609450931045847e-07
4.400000000000000000e+02 4.865667746353474422e-07
4.500000000000000000e+02 4.701177882418577643e-07
4.600000000000000000e+02 4.522756651756676140e-07
4.700000000000000000e+02 4.334159821952626496e-07
4.800000000000000000e+02 4.141808015203517295e-07
4.900000000000000000e+02 3.953107327032075130e-07
5.000000000000000000e+02 3.774909809799725271e-07
