2.000000000000000000e+00 -4.380067382301756000e-07
3.000000000000000000e+00 -4.061795809265948711e-07
4.000000000000000000e+00 -3.737473972722998000e-07
5.000000000000000000e+00 -3.419967620664628359e-07
6.000000000000000000e+00 -3.116396472593700051e-07
7.000000000000000000e+00 -2.830630148115047552e-07
8.000000000000000000e+00 -2.564754961511597507e-07
9.000000000000000000e+00 -2.319225480900013069e-07
1.000000000000000000e+01 -2.093517332268046837e-07
1.100000000000000000e+01 -1.886970764626545011e-07
1.200000000000000000e+01 -1.698774007617129876e-07
1.300000000000000000e+01 -1.527641553466065541e-07
1.400000000000000000e+01 -1.372048302879944666e-07
1.500000000000000000e+01 -1.230707423065131867e-07
1.600000000000000000e+01 -1.102612267714618023e-07
1.700000000000000000e+01 -9.867066293626407186e-08
1.800000000000000000e+01 -8.817182382544689178e-08
1.900000000000000000e+01 -7.863568504490823005e-08
2.000000000000000000e+01 -6.996029121725531775e-08
2.100000000000000000e+01 -6.207736286321807616e-08
2.200000000000000000e+01 -5.493398296338310183e-08
2.300000000000000000e+01 -4.846911523879306254e-08
2.400000000000000000e+01 -4.260358709095184973e-08
2.500000000000000000e+01 -3.724737301699701217e-08
2.600000000000000000e+01 -3.231587902209470302e-08
2.700000000000000000e+01 -2.774460024314139597e-08
2.800000000000000000e+01 -2.349618025873266763e-08
2.900000000000000000e+01 -1.955957161524727816e-08
3.000000000000000000e+01 -1.594403747116500405e-08
3.100000000000000000e+01 -1.267092335504253039e-08
3.200000000000000000e+01 -9.765022488557985117e-09
3.300000000000000000e+01 -7.246412119018742456e-09
3.400000000000000000e+01 -5.123370086557416202e-09
3.500000000000000000e+01 -3.387133031926673344e-09
3.600000000000000000e+01 -2.009343071278698223e-09
3.700000000000000000e+01 -9.427558013349028985e-10
3.800000000000000000e+01 -1.251749591876652499e-10
3.900000000000000000e+01 5.141233085122145863e-10
4.000000000000000000e+01 1.046739406280283458e-09
4.100000000000000000e+01 1.537716245248934280e-09
4.200000000000000000e+01 2.039583246858519722e-09
4.300000000000000000e+01 2.588695008253064304e-09
4.400000000000000000e+01 3.204132926813504860e-09
4.500000000000000000e+01 3.888936117575142469e-09
4.600000000000000000e+01 4.633074032683864394e-09
4.700000000000000000e+01 5.417407170591282162e-09
4.800000000000000000e+01 6.217890515745136124e-09
4.900000000000000000e+01 7.009409408510552689e-09
5.000000000000000000e+01 7.768839567973206260e-09
5.100000000000000000e+01 8.477136808581609423e-09
5.200000000000000000e+01 9.120447158465173859e-09
5.300000000000000000e+01 9.690362157918998589e-09
5.400000000000000000e+01 1.018352095517217580e-08
5.500000000000000000e+01 1.060078618050844982e-08
5.600000000000000000e+01 1.094620695203387815e-08
5.700000000000000000e+01 1.122594438505448205e-08
5.800000000000000000e+01 1.144728614501871100e-08
5.900000000000000000e+01 1.161782740372172855e-08
6.000000000000000000e+01 1.174485289358446298e-08
6.100000000000000000e+01 1.183492206029677791e-08
6.200000000000000000e+01 1.189363735531236718e-08
6.300000000000000000e+01 1.192556345234136056e-08
6.400000000000000000e+01 1.193426062230472161e-08
6.500000000000000000e+01 1.192239637312113967e-08
6.600000000000000000e+01 1.189190362736848049e-08
6.700000000000000000e+01 1.184415945208902024e-08
6.800000000000000000e+01 1.178016444201029944e-08
6.900000000000000000e+01 1.170070852707453275e-08
7.000000000000000000e+01 1.160651384261766683e-08
7.100000000000000000e+01 1.149834924988848724e-08
7.200000000000000000e+01 1.137711417386686296e-08
7.300000000000000000e+01 1.124389176123907904e-08
7.400000000000000000e+01 1.109997309942952149e-08
7.500000000000000000e+01 1.094685550676928940e-08
7.600000000000000000e+01 1.078621880144765379e-08
7.700000000000000000e+01 1.061988404719668365e-08
7.800000000000000000e+01 1.044975959523603399e-08
7.900000000000000000e+01 1.027777931794134589e-08
8.000000000000000000e+01 1.010583777780996442e-08
8.100000000000000000e+01 9.935726715994019554e-09
8.200000000000000000e+01 9.769076705640616686e-09
8.300000000000000000e+01 9.607307132969129470e-09
8.400000000000000000e+01 9.451586887491725373e-09
8.500000000000000000e+01 9.302807310803900715e-09
8.600000000000000000e+01 9.161568120574626380e-09
8.700000000000000000e+01 9.028176239351041182e-09
8.800000000000000000e+01 8.902656756709985880e-09
8.900000000000000000e+01 8.784774669312255953e-09
9.000000000000000000e+01 8.674065597283995322e-09
9.100000000000000000e+01 8.569873376979468580e-09
9.200000000000000000e+01 8.471392279224385690e-09
9.300000000000000000e+01 8.377711589294710927e-09
9.400000000000000000e+01 8.287860393701881229e-09
9.500000000000000000e+01 8.200850627806917528e-09
9.600000000000000000e+01 8.115716722897413550e-09
9.700000000000000000e+01 8.031550526195949107e-09
9.800000000000000000e+01 7.947530527658961241e-09
9.900000000000000000e+01 7.862944790864309212e-09
1.000000000000000000e+02 7.777207332435890000e-09
1.100000000000000000e+02 6.821220146744399286e-09
1.200000000000000000e+02 5.876794699567325168e-09
1.300000000000000000e+02 5.210756746167047394e-09
1.400000000000000000e+02 4.781192026885919202e-09
1.500000000000000000e+02 4.478109879803660658e-09
1.600000000000000000e+02 4.248288967606301622e-09
1.700000000000000000e+02 4.053147816903946943e-09
1.800000000000000000e+02 3.859100578538563081e-09
1.900000000000000000e+02 3.651465092983370242e-09
2.000000000000000000e+02 3.429895160372851519e-09
2.100000000000000000e+02 3.196613982709321874e-09
2.200000000000000000e+02 2.954211550999915730e-09
2.300000000000000000e+02 2.709961330900438155e-09
2.400000000000000000e+02 2.477215074907773016e-09
2.500000000000000000e+02 2.271139037789567374e-09
2.600000000000000000e+02 2.102469692136401289e-09
2.700000000000000000e+02 1.973658311311716241e-09
2.800000000000000000e+02 1.879016993486550175e-09
2.900000000000000000e+02 1.807813763193124978e-09
3.000000000000000000e+02 1.748249613890575723e-09
3.100000000000000000e+02 1.690636636494051418e-09
3.200000000000000000e+02 1.629026278185554802e-09
3.300000000000000000e+02 1.561348922174747928e-09
3.400000000000000000e+02 1.488560935556069277e-09
3.500000000000000000e+02 1.413380567017346966e-09
3.600000000000000000e+02 1.339070193414879323e-09
3.700000000000000000e+02 1.268527093097484329e-09
3.800000000000000000e+02 1.203767131976825082e-09
3.900000000000000000e+02 1.145764164686716536e-09
4.000000000000000000e+02 1.094546753297732847e-09
4.100000000000000000e+02 1.049439853201162915e-09
4.200000000000000000e+02 1.009354353801544226e-09
4.300000000000000000e+02 9.730556837817720875e-10
4.400000000000000000e+02 9.393726514597726219e-10
4.500000000000000000e+02 9.073327302715959347e-10
4.600000000000000000e+02 8.762274854970406780e-10
4.700000000000000000e+02 8.456217596596188014e-10
4.800000000000000000e+02 8.153239952335511834e-10
4.900000000000000000e+02 7.853345837760773748e-10
5.000000000000000000e+02 7.557862228812893255e-10
