2.000000000000000000e+00 3.268117836404252618e-07
3.000000000000000000e+00 3.123446120408474797e-07
4.000000000000000000e+00 3.013869306277261728e-07
5.000000000000000000e+00 2.930279659044402353e-07
6.000000000000000000e+00 2.867360159686716255e-07
7.000000000000000000e+00 2.821324865742902614e-07
8.000000000000000000e+00 2.789270318695556593e-07
9.000000000000000000e+00 2.768790616117511333e-07
1.000000000000000000e+01 2.757890954514923400e-07
1.100000000000000000e+01 2.754949098603729291e-07
1.200000000000000000e+01 2.758565614512430934e-07
1.300000000000000000e+01 2.767525245881763803e-07
1.400000000000000000e+01 2.780834529661098328e-07
1.500000000000000000e+01 2.797675250698848686e-07
1.600000000000000000e+01 2.817326530290077128e-07
1.700000000000000000e+01 2.839153829600373011e-07
1.800000000000000000e+01 2.862633113367625290e-07
1.900000000000000000e+01 2.887342102034174412e-07
2.000000000000000000e+01 2.912920289529076264e-07
2.100000000000000000e+01 2.939040274464826085e-07
2.200000000000000000e+01 2.965408250236458863e-07
2.300000000000000000e+01 2.991776937544034412e-07
2.400000000000000000e+01 3.017949751445548534e-07
2.500000000000000000e+01 3.043771555880685910e-07
2.600000000000000000e+01 3.069114645133699439e-07
2.700000000000000000e+01 3.093868919455549406e-07
2.800000000000000000e+01 3.117938416020956075e-07
2.900000000000000000e+01 3.141241078757738127e-07
3.000000000000000000e+01 3.163708171100920674e-07
3.100000000000000000e+01 3.185282167911477462e-07
3.200000000000000000e+01 3.205914183303444338e-07
3.300000000000000000e+01 3.225562445457632646e-07
3.400000000000000000e+01 3.244192369300829633e-07
3.500000000000000000e+01 3.261777576080522258e-07
3.600000000000000000e+01 3.278300658980072467e-07
3.700000000000000000e+01 3.293752775607502854e-07
3.800000000000000000e+01 3.308131896867582826e-07
3.900000000000000000e+01 3.321440249227420695e-07
4.000000000000000000e+01 3.333681816258942896e-07
4.100000000000000000e+01 3.344860654897946767e-07
4.200000000000000000e+01 3.354980383307907014e-07
4.300000000000000000e+01 3.364044738618958819e-07
4.400000000000000000e+01 3.372058771080033307e-07
4.500000000000000000e+01 3.379030123320030295e-07
4.600000000000000000e+01 3.384969926648252160e-07
4.700000000000000000e+01 3.389893054183081873e-07
4.800000000000000000e+01 3.393817708469289481e-07
4.900000000000000000e+01 3.396764512062222133e-07
5.000000000000000000e+01 3.398755371708535932e-07
5.100000000000000000e+01 3.399812395166202694e-07
5.200000000000000000e+01 3.399957075965383239e-07
5.300000000000000000e+01 3.399209859748679161e-07
5.400000000000000000e+01 3.397590100384327717e-07
5.500000000000000000e+01 3.395116330360957219e-07
5.600000000000000000e+01 3.391806721427847141e-07
5.700000000000000000e+01 3.387679599793831323e-07
5.800000000000000000e+01 3.382753898649189858e-07
5.900000000000000000e+01 3.377049468017435330e-07
6.000000000000000000e+01 3.370587205885231944e-07
6.100000000000000000e+01 3.363389015046842957e-07
6.200000000000000000e+01 3.355477620391625071e-07
6.300000000000000000e+01 3.346876298452115252e-07
6.400000000000000000e+01 3.337608575141878872e-07
6.500000000000000000e+01 3.327697941240468916e-07
6.600000000000000000e+01 3.317167621999061964e-07
6.700000000000000000e+01 3.306040421117642045e-07
6.800000000000000000e+01 3.294338643638344197e-07
6.900000000000000000e+01 3.282084089428340090e-07
7.000000000000000000e+01 3.269298100233614621e-07
7.100000000000000000e+01 3.256001639118020756e-07
7.200000000000000000e+01 3.242215381023479916e-07
7.300000000000000000e+01 3.227959796252910283e-07
7.400000000000000000e+01 3.213255213711949682e-07
7.500000000000000000e+01 3.198121856574838495e-07
7.600000000000000000e+01 3.182579848660381811e-07
7.700000000000000000e+01 3.166649194480496523e-07
7.800000000000000000e+01 3.150349739223665451e-07
7.900000000000000000e+01 3.133701116711481822e-07
8.000000000000000000e+01 3.116722693706024408e-07
8.100000000000000000e+01 3.099433518103429880e-07
8.200000000000000000e+01 3.081852276872931273e-07
8.300000000000000000e+01 3.063997267467513959e-07
8.400000000000000000e+01 3.045886384194296842e-07
8.500000000000000000e+01 3.027537118980573612e-07
8.600000000000000000e+01 3.008966574314246884e-07
8.700000000000000000e+01 2.990191484996438442e-07
8.800000000000000000e+01 2.971228244758434989e-07
8.900000000000000000e+01 2.952092933734799982e-07
9.000000000000000000e+01 2.932801343168535845e-07
9.100000000000000000e+01 2.913368994439692895e-07
9.200000000000000000e+01 2.893811150429219480e-07
9.300000000000000000e+01 2.874142818230827422e-07
9.400000000000000000e+01 2.854378743194585928e-07
9.500000000000000000e+01 2.834533395138451285e-07
9.600000000000000000e+01 2.814620948235762288e-07
9.700000000000000000e+01 2.794655256542703441e-07
9.800000000000000000e+01 2.774649827359788456e-07
9.900000000000000000e+01 2.754617794637131642e-07
1.000000000000000000e+02 2.734571894462637375e-07
1.100000000000000000e+02 2.535842986065467395e-07
1.200000000000000000e+02 2.346641577508210191e-07
1.300000000000000000e+02 2.173587887231689698e-07
1.400000000000000000e+02 2.020397966634535403e-07
1.500000000000000000e+02 1.888185151691186569e-07
1.600000000000000000e+02 1.776473493697808867e-07
1.700000000000000000e+02 1.683657028831809696e-07
1.800000000000000000e+02 1.606906355854148759e-07
1.900000000000000000e+02 1.542579440573116382e-07
2.000000000000000000e+02 1.487044108305786814e-07
2.100000000000000000e+02 1.437173238084417253e-07
2.200000000000000000e+02 1.390340695981103838e-07
2.300000000000000000e+02 1.344287780092791476e-07
2.400000000000000000e+02 1.297162351380972346e-07
2.500000000000000000e+02 1.247711396056811005e-07
2.600000000000000000e+02 1.195442363982232070e-07
2.700000000000000000e+02 1.140621180780229018e-07
2.800000000000000000e+02 1.084105116755560141e-07
2.900000000000000000e+02 1.027093553322376893e-07
3.000000000000000000e+02 9.708881469179511828e-08
3.100000000000000000e+02 9.167158144040386613e-08
3.200000000000000000e+02 8.656236455249745089e-08
3.300000000000000000e+02 8.184278159446552336e-08
3.400000000000000000e+02 7.756926097445666775e-08
3.500000000000000000e+02 7.377231348209605890e-08
3.600000000000000000e+02 7.045663113572729391e-08
3.700000000000000000e+02 6.760224168522683689e-08
3.800000000000000000e+02 6.516715639508389426e-08
3.900000000000000000e+02 6.309170602454805938e-08
4.000000000000000000e+02 6.130432333070212172e-08
4.100000000000000000e+02 5.972814453840259310e-08
4.200000000000000000e+02 5.828761104062980537e-08
4.300000000000000000e+02 5.691428527494443049e-08
4.400000000000000000e+02 5.555129734786728379e-08
4.500000000000000000e+02 5.415612175036824454e-08
4.600000000000000000e+02 5.270166118168135963e-08
4.700000000000000000e+02 5.117582977116961548e-08
4.800000000000000000e+02 4.957995745832241479e-08
4.900000000000000000e+02 4.792638527791711707e-08
5.000000000000000000e+02 4.623560827015181338e-08
