2.000000000000000000e+00 -4.409839883769834973e-08
3.000000000000000000e+00 -4.208544013850069047e-08
4.000000000000000000e+00 -3.876649630191272172e-08
5.000000000000000000e+00 -3.500079793603626597e-08
6.000000000000000000e+00 -3.122697514162790665e-08
7.000000000000000000e+00 -2.766283680687633113e-08
8.000000000000000000e+00 -2.440802548898214526e-08
9.000000000000000000e+00 -2.149839448712275996e-08
1.000000000000000000e+01 -1.892998415903164600e-08
1.100000000000000000e+01 -1.668166070846610039e-08
1.200000000000000000e+01 -1.472550967440057308e-08
1.300000000000000000e+01 -1.302776402332286209e-08
1.400000000000000000e+01 -1.155433479003491673e-08
1.500000000000000000e+01 -1.027622088943437384e-08
1.600000000000000000e+01 -9.168193911929870481e-09
1.700000000000000000e+01 -8.205903948978161437e-09
1.800000000000000000e+01 -7.366703512045689133e-09
1.900000000000000000e+01 -6.632100587055256274e-09
2.000000000000000000e+01 -5.988027598091542240e-09
2.100000000000000000e+01 -5.422853876719041102e-09
2.200000000000000000e+01 -4.925558505734095039e-09
2.300000000000000000e+01 -4.485529516534132104e-09
2.400000000000000000e+01 -4.093468858800135043e-09
2.500000000000000000e+01 -3.742138066358792664e-09
2.600000000000000000e+01 -3.426276746394194060e-09
2.700000000000000000e+01 -3.141899623424629107e-09
2.800000000000000000e+01 -2.885548856008519070e-09
2.900000000000000000e+01 -2.653903650397674971e-09
3.000000000000000000e+01 -2.443784437085344265e-09
3.100000000000000000e+01 -2.252348668216760368e-09
3.200000000000000000e+01 -2.077250988663501229e-09
3.300000000000000000e+01 -1.916653487979439745e-09
3.400000000000000000e+01 -1.769101309494456849e-09
3.500000000000000000e+01 -1.633349480201803438e-09
3.600000000000000000e+01 -1.508226723017470648e-09
3.700000000000000000e+01 -1.392579644622427344e-09
3.800000000000000000e+01 -1.285292463798512648e-09
3.900000000000000000e+01 -1.185347250451137067e-09
4.000000000000000000e+01 -1.091883776730454522e-09
4.100000000000000000e+01 -1.004230196375190142e-09
4.200000000000000000e+01 -9.218948603992751666e-10
4.300000000000000000e+01 -8.445262176512657249e-10
4.400000000000000000e+01 -7.718569493827327218e-10
4.500000000000000000e+01 -7.036496783545915226e-10
4.600000000000000000e+01 -6.396570547881111242e-10
4.700000000000000000e+01 -5.796020162150017876e-10
4.800000000000000000e+01 -5.231773883757740007e-10
4.900000000000000000e+01 -4.700594696029192310e-10
5.000000000000000000e+01 -4.199283620442269067e-10
5.100000000000000000e+01 -3.724882269986524859e-10
5.200000000000000000e+01 -3.274825283480963184e-10
5.300000000000000000e+01 -2.847017822577119627e-10
5.400000000000000000e+01 -2.439836177031153414e-10
5.500000000000000000e+01 -2.052066201260520844e-10
5.600000000000000000e+01 -1.682803156757157196e-10
5.700000000000000000e+01 -1.331338140056021595e-10
5.800000000000000000e+01 -9.970525288027340355e-11
5.900000000000000000e+01 -6.793351338753779760e-11
6.000000000000000000e+01 -3.775291823613427679e-11
6.100000000000000000e+01 -9.090950887841314854e-12
6.200000000000000000e+01 1.813146360738858527e-11
6.300000000000000000e+01 4.399786036858713358e-11
6.400000000000000000e+01 6.859315054978033539e-11
6.500000000000000000e+01 9.200031528431037744e-11
6.600000000000000000e+01 1.142974748556612662e-10
6.700000000000000000e+01 1.355557186688366509e-10
6.800000000000000000e+01 1.558378702535198975e-10
6.900000000000000000e+01 1.751981817826378703e-10
7.000000000000000000e+01 1.936828216571688800e-10
7.100000000000000000e+01 2.113309415272439167e-10
7.200000000000000000e+01 2.281760814639244665e-10
7.300000000000000000e+01 2.442476839333585985e-10
7.400000000000000000e+01 2.595725262798589691e-10
7.500000000000000000e+01 2.741759350799246362e-10
7.600000000000000000e+01 2.880827031326871810e-10
7.700000000000000000e+01 3.013176827521157742e-10
7.800000000000000000e+01 3.139060720666492110e-10
7.900000000000000000e+01 3.258734415769192870e-10
8.000000000000000000e+01 3.372455658869021650e-10
8.100000000000000000e+01 3.480481315667245371e-10
8.200000000000000000e+01 3.583063888040701011e-10
8.300000000000000000e+01 3.680448045936066864e-10
8.400000000000000000e+01 3.772867614521920155e-10
8.500000000000000000e+01 3.860543304826475631e-10
8.600000000000000000e+01 3.943681330015418960e-10
8.700000000000000000e+01 4.022472922887306444e-10
8.800000000000000000e+01 4.097094671375570426e-10
8.900000000000000000e+01 4.167709521158857090e-10
9.000000000000000000e+01 4.234468257218758076e-10
9.100000000000000000e+01 4.297511265807506153e-10
9.200000000000000000e+01 4.356970389501634620e-10
9.300000000000000000e+01 4.412970714744196043e-10
9.400000000000000000e+01 4.465632167446887356e-10
9.500000000000000000e+01 4.515070832343574085e-10
9.600000000000000000e+01 4.561399951312189352e-10
9.700000000000000000e+01 4.604730591392402971e-10
9.800000000000000000e+01 4.645172002455794304e-10
9.900000000000000000e+01 4.682831706240638461e-10
1.000000000000000000e+02 4.717815372467904734e-10
1.100000000000000000e+02 4.941750719911331328e-10
1.200000000000000000e+02 4.991247869934583795e-10
1.300000000000000000e+02 4.924560732712454213e-10
1.400000000000000000e+02 4.786102604619010504e-10
1.500000000000000000e+02 4.607427403143050664e-10
1.600000000000000000e+02 4.410514914722196332e-10
1.700000000000000000e+02 4.211790467994587578e-10
1.800000000000000000e+02 4.021851881590571871e-10
1.900000000000000000e+02 3.846332407592975220e-10
2.000000000000000000e+02 3.688477958220780697e-10
2.100000000000000000e+02 3.550153972430085819e-10
2.200000000000000000e+02 3.431198926104695954e-10
2.300000000000000000e+02 3.329202761568653973e-10
2.400000000000000000e+02 3.240470639571490391e-10
2.500000000000000000e+02 3.161298893081367774e-10
2.600000000000000000e+02 3.088621784597594542e-10
2.700000000000000000e+02 3.019915314330893774e-10
2.800000000000000000e+02 2.952826920870038554e-10
2.900000000000000000e+02 2.884990137129402534e-10
3.000000000000000000e+02 2.814164150529779723e-10
3.100000000000000000e+02 2.738564756181055807e-10
3.200000000000000000e+02 2.657171117807643360e-10
3.300000000000000000e+02 2.569861248430762009e-10
3.400000000000000000e+02 2.477345428154582017e-10
3.500000000000000000e+02 2.380954430835736988e-10
3.600000000000000000e+02 2.282372243956502631e-10
3.700000000000000000e+02 2.183390797124614510e-10
3.800000000000000000e+02 2.085730322976741030e-10
3.900000000000000000e+02 1.990934156490444965e-10
4.000000000000000000e+02 1.900322966052362400e-10
4.100000000000000000e+02 1.814983777747114673e-10
4.200000000000000000e+02 1.735771085951119067e-10
4.300000000000000000e+02 1.663305758276918213e-10
4.400000000000000000e+02 1.597967318043686385e-10
4.500000000000000000e+02 1.539882960202355017e-10
4.600000000000000000e+02 1.488920651426490403e-10
4.700000000000000000e+02 1.444693852296486479e-10
4.800000000000000000e+02 1.406582818041844148e-10
4.900000000000000000e+02 1.373773551121963223e-10
5.000000000000000000e+02 1.345311667550060158e-10
