2.000000000000000000e+00 -7.532308062617148647e-09
3.000000000000000000e+00 -6.627591097262872796e-09
4.000000000000000000e+00 -5.792588198308370562e-09
5.000000000000000000e+00 -5.044241681326513962e-09
6.000000000000000000e+00 -4.383840315115913531e-09
7.000000000000000000e+00 -3.806778946286391289e-09
8.000000000000000000e+00 -3.304563650501998891e-09
9.000000000000000000e+00 -2.867677074214673139e-09
1.000000000000000000e+01 -2.488057703413425607e-09
1.100000000000000000e+01 -2.158211761128986680e-09
1.200000000000000000e+01 -1.870614481181762043e-09
1.300000000000000000e+01 -1.618851949515295787e-09
1.400000000000000000e+01 -1.398161304566750486e-09
1.500000000000000000e+01 -1.204627662118313311e-09
1.600000000000000000e+01 -1.034379175375817564e-09
1.700000000000000000e+01 -8.836038433581829631e-10
1.800000000000000000e+01 -7.490329350787811905e-10
1.900000000000000000e+01 -6.282807721366296939e-10
2.000000000000000000e+01 -5.197911960087860165e-10
2.100000000000000000e+01 -4.224831714779745034e-10
2.200000000000000000e+01 -3.353317510000000000e-10
2.300000000000000000e+01 -2.571088773663439687e-10
2.400000000000000000e+01 -1.863900770000000000e-10
2.500000000000000000e+01 -1.217737030450111963e-10
2.600000000000000000e+01 -6.215045810000000000e-11
2.700000000000000000e+01 -6.860043521181161097e-12
2.800000000000000000e+01 4.433905950000000000e-11
2.900000000000000000e+01 9.145049547026118642e-11
3.000000000000000000e+01 1.344686474566445689e-10
3.100000000000000000e+01 1.735512949149746628e-10
3.200000000000000000e+01 2.090798452579114232e-10
3.300000000000000000e+01 2.416098530000000000e-10
3.400000000000000000e+01 2.717561802358704407e-10
3.500000000000000000e+01 3.000694878700225699e-10
3.600000000000000000e+01 3.269483924679171459e-10
3.700000000000000000e+01 3.526073290000000000e-10
3.800000000000000000e+01 3.770966533422142051e-10
3.900000000000000000e+01 4.003565381259288965e-10
4.000000000000000000e+01 4.222817640004994863e-10
4.100000000000000000e+01 4.427782667780923697e-10
4.200000000000000000e+01 4.618002957075445693e-10
4.300000000000000000e+01 4.793654036359539134e-10
4.400000000000000000e+01 4.955507704493064425e-10
4.500000000000000000e+01 5.104775995885169769e-10
4.600000000000000000e+01 5.242907806964931238e-10
4.700000000000000000e+01 5.371395831487367847e-10
4.800000000000000000e+01 5.491628833542342396e-10
4.900000000000000000e+01 5.604801908158344146e-10
5.000000000000000000e+01 5.711880461816842151e-10
5.100000000000000000e+01 5.813604078802827953e-10
5.200000000000000000e+01 5.910513638377020741e-10
5.300000000000000000e+01 6.002987068357539779e-10
5.400000000000000000e+01 6.091273651340894848e-10
5.500000000000000000e+01 6.175521838739897579e-10
5.600000000000000000e+01 6.255799717826040973e-10
5.700000000000000000e+01 6.332109961664003662e-10
5.800000000000000000e+01 6.404402194841714738e-10
5.900000000000000000e+01 6.472585532997682710e-10
6.000000000000000000e+01 6.536543080945585232e-10
6.100000000000000000e+01 6.596148894126595040e-10
6.200000000000000000e+01 6.651286718676811040e-10
6.300000000000000000e+01 6.701868981536295610e-10
6.400000000000000000e+01 6.747854112661555701e-10
6.500000000000000000e+01 6.789260334928428742e-10
6.600000000000000000e+01 6.826174460798859012e-10
6.700000000000000000e+01 6.858754854884820616e-10
6.800000000000000000e+01 6.887228419055175693e-10
6.900000000000000000e+01 6.911882111592405408e-10
7.000000000000000000e+01 6.933050037059683045e-10
7.100000000000000000e+01 6.951097489580392680e-10
7.200000000000000000e+01 6.966403484946954736e-10
7.300000000000000000e+01 6.979343290442593313e-10
7.400000000000000000e+01 6.990272288933776972e-10
7.500000000000000000e+01 6.999512239455415104e-10
7.600000000000000000e+01 7.007340666376144697e-10
7.700000000000000000e+01 7.013983765887800471e-10
7.800000000000000000e+01 7.019612897007305846e-10
7.900000000000000000e+01 7.024344449895416178e-10
8.000000000000000000e+01 7.028242672469612055e-10
8.100000000000000000e+01 7.031324893215104362e-10
8.200000000000000000e+01 7.033568502366624404e-10
8.300000000000000000e+01 7.034919038174523856e-10
8.400000000000000000e+01 7.035298759063679680e-10
8.500000000000000000e+01 7.034615153620202435e-10
8.600000000000000000e+01 7.032768935709071437e-10
8.700000000000000000e+01 7.029661179741652867e-10
8.800000000000000000e+01 7.025199360962102394e-10
8.900000000000000000e+01 7.019302169505522696e-10
9.000000000000000000e+01 7.011903059052224659e-10
9.100000000000000000e+01 7.002952567485300596e-10
9.200000000000000000e+01 6.992419506305204463e-10
9.300000000000000000e+01 6.980291157512420253e-10
9.400000000000000000e+01 6.966572642305693825e-10
9.500000000000000000e+01 6.951285637175327418e-10
9.600000000000000000e+01 6.934466612222931818e-10
9.700000000000000000e+01 6.916164756450895697e-10
9.800000000000000000e+01 6.896439737960167336e-10
9.900000000000000000e+01 6.875359425908751528e-10
1.000000000000000000e+02 6.852997680000000225e-10
1.100000000000000000e+02 6.575979563465350315e-10
1.200000000000000000e+02 6.246029525702607876e-10
1.300000000000000000e+02 5.902469822897686904e-10
1.400000000000000000e+02 5.567608754278827654e-10
1.500000000000000000e+02 5.252307235431444606e-10
1.600000000000000000e+02 4.955720299554270850e-10
1.700000000000000000e+02 4.673137060448803580e-10
1.800000000000000000e+02 4.405673191901010137e-10
1.900000000000000000e+02 4.161252739462414681e-10
2.000000000000000000e+02 3.948025688883804027e-10
2.100000000000000000e+02 3.768561397710725949e-10
2.200000000000000000e+02 3.619366653745734634e-10
2.300000000000000000e+02 3.493983517137511846e-10
2.400000000000000000e+02 3.386025506705380769e-10
2.500000000000000000e+02 3.290386803454594160e-10
2.600000000000000000e+02 3.203043175546626502e-10
2.700000000000000000e+02 3.120555660693656527e-10
2.800000000000000000e+02 3.039915909805935635e-10
2.900000000000000000e+02 2.958715828424774347e-10
3.000000000000000000e+02 2.875341261866999424e-10
3.100000000000000000e+02 2.788975763000281640e-10
3.200000000000000000e+02 2.699410070026303505e-10
3.300000000000000000e+02 2.606787956305232629e-10
3.400000000000000000e+02 2.511425166527964668e-10
3.500000000000000000e+02 2.413762139701798769e-10
3.600000000000000000e+02 2.314425049986754732e-10
3.700000000000000000e+02 2.214320561750925280e-10
3.800000000000000000e+02 2.114688109261739103e-10
3.900000000000000000e+02 2.017064733405221795e-10
4.000000000000000000e+02 1.923158787120527876e-10
4.100000000000000000e+02 1.834661915936216615e-10
4.200000000000000000e+02 1.753044880222048727e-10
4.300000000000000000e+02 1.679381969525729567e-10
4.400000000000000000e+02 1.614236164461921729e-10
4.500000000000000000e+02 1.557619600703194842e-10
4.600000000000000000e+02 1.509027065116703412e-10
4.700000000000000000e+02 1.467527818560675238e-10
4.800000000000000000e+02 1.431894351483325499e-10
4.900000000000000000e+02 1.400745376400718048e-10
5.000000000000000000e+02 1.372683100000000016e-10
