2.000000000000000000e+00 9.140546871924315829e-08
3.000000000000000000e+00 9.775352709799523466e-08
4.000000000000000000e+00 1.047802792959569601e-07
5.000000000000000000e+00 1.122424138476730885e-07
6.000000000000000000e+00 1.199681634427321191e-07
7.000000000000000000e+00 1.278346768200529582e-07
8.000000000000000000e+00 1.357491178676324785e-07
9.000000000000000000e+00 1.436416751890341650e-07
1.000000000000000000e+01 1.514611484410949117e-07
1.100000000000000000e+01 1.591680910424735660e-07
1.200000000000000000e+01 1.667314810776458530e-07
1.300000000000000000e+01 1.741286133377385681e-07
1.400000000000000000e+01 1.813437366632476900e-07
1.500000000000000000e+01 1.883651314340106874e-07
1.600000000000000000e+01 1.951831136773121560e-07
1.700000000000000000e+01 2.017899762761486240e-07
1.800000000000000000e+01 2.081807650226555879e-07
1.900000000000000000e+01 2.143534281186882463e-07
2.000000000000000000e+01 2.203079150633904891e-07
2.100000000000000000e+01 2.260448910984374163e-07
2.200000000000000000e+01 2.315649794041241829e-07
2.300000000000000000e+01 2.368688805676454193e-07
2.400000000000000000e+01 2.419579992562614254e-07
2.500000000000000000e+01 2.468349217892198824e-07
2.600000000000000000e+01 2.515033359760022068e-07
2.700000000000000000e+01 2.559674544628660882e-07
2.800000000000000000e+01 2.602313234281262682e-07
2.900000000000000000e+01 2.642984082295425403e-07
3.000000000000000000e+01 2.681716263280670513e-07
3.100000000000000000e+01 2.718537342464073188e-07
3.200000000000000000e+01 2.753478206799241668e-07
3.300000000000000000e+01 2.786576577072164010e-07
3.400000000000000000e+01 2.817877715455479792e-07
3.500000000000000000e+01 2.847432333213865039e-07
3.600000000000000000e+01 2.875292732539922436e-07
3.700000000000000000e+01 2.901508603372532986e-07
3.800000000000000000e+01 2.926123706325689088e-07
3.900000000000000000e+01 2.949174159118216930e-07
4.000000000000000000e+01 2.970688477610937775e-07
4.100000000000000000e+01 2.990689089517621125e-07
4.200000000000000000e+01 3.009194810407198853e-07
4.300000000000000000e+01 3.026223728806577939e-07
4.400000000000000000e+01 3.041796025534612276e-07
4.500000000000000000e+01 3.055936382135694981e-07
4.600000000000000000e+01 3.068675763575811419e-07
4.700000000000000000e+01 3.080052466165982459e-07
4.800000000000000000e+01 3.090112399000181736e-07
4.900000000000000000e+01 3.098908623507514013e-07
5.000000000000000000e+01 3.106500220856691963e-07
5.100000000000000000e+01 3.112950597347695412e-07
5.200000000000000000e+01 3.118325374685114446e-07
5.300000000000000000e+01 3.122690041910932433e-07
5.400000000000000000e+01 3.126107563637133875e-07
5.500000000000000000e+01 3.128636140569141994e-07
5.600000000000000000e+01 3.130327301125625736e-07
5.700000000000000000e+01 3.131224468411126828e-07
5.800000000000000000e+01 3.131362098978428235e-07
5.900000000000000000e+01 3.130765434778819084e-07
6.000000000000000000e+01 3.129450854195844587e-07
6.100000000000000000e+01 3.127426758351912106e-07
6.200000000000000000e+01 3.124694889824737674e-07
6.300000000000000000e+01 3.121251955457371505e-07
6.400000000000000000e+01 3.117091414017047242e-07
6.500000000000000000e+01 3.112205292176420619e-07
6.600000000000000000e+01 3.106585906406025718e-07
6.700000000000000000e+01 3.100227390785480145e-07
6.800000000000000000e+01 3.093126958050855369e-07
6.900000000000000000e+01 3.085285850115206799e-07
7.000000000000000000e+01 3.076709962009596931e-07
7.100000000000000000e+01 3.067410147537965679e-07
7.200000000000000000e+01 3.057402234508794479e-07
7.300000000000000000e+01 3.046706791508069263e-07
7.400000000000000000e+01 3.035348696747323101e-07
7.500000000000000000e+01 3.023356562983887542e-07
7.600000000000000000e+01 3.010762071632379648e-07
7.700000000000000000e+01 2.997599264921782101e-07
7.800000000000000000e+01 2.983903838316881250e-07
7.900000000000000000e+01 2.969712467390866037e-07
8.000000000000000000e+01 2.955062194768504057e-07
8.100000000000000000e+01 2.939989894360523470e-07
8.200000000000000000e+01 2.924531822408236993e-07
8.300000000000000000e+01 2.908723258207975046e-07
8.400000000000000000e+01 2.892598231984375094e-07
8.500000000000000000e+01 2.876189333293749270e-07
8.600000000000000000e+01 2.859527590522963888e-07
8.700000000000000000e+01 2.842642410390108015e-07
8.800000000000000000e+01 2.825561565687751489e-07
8.900000000000000000e+01 2.808311219651021377e-07
9.000000000000000000e+01 2.790915976089216783e-07
9.100000000000000000e+01 2.773398945608502200e-07
9.200000000000000000e+01 2.755781819710239619e-07
9.300000000000000000e+01 2.738084946134699957e-07
9.400000000000000000e+01 2.720327400419859620e-07
9.500000000000000000e+01 2.702527050172428313e-07
9.600000000000000000e+01 2.684700609940720176e-07
9.700000000000000000e+01 2.666863685795392226e-07
9.800000000000000000e+01 2.649030809741686210e-07
9.900000000000000000e+01 2.631215464897569245e-07
1.000000000000000000e+02 2.613430102979229243e-07
1.100000000000000000e+02 2.439247853396845340e-07
1.200000000000000000e+02 2.274738848361361516e-07
1.300000000000000000e+02 2.120144165125206662e-07
1.400000000000000000e+02 1.976332668241769997e-07
1.500000000000000000e+02 1.847581259677708724e-07
1.600000000000000000e+02 1.738095072657387773e-07
1.700000000000000000e+02 1.648337760692527655e-07
1.800000000000000000e+02 1.575175481587359823e-07
1.900000000000000000e+02 1.514160881785378286e-07
2.000000000000000000e+02 1.461209554354617930e-07
2.100000000000000000e+02 1.413022329532721322e-07
2.200000000000000000e+02 1.366983542852323740e-07
2.300000000000000000e+02 1.321115230712631075e-07
2.400000000000000000e+02 1.274116594606341557e-07
2.500000000000000000e+02 1.225331406638519157e-07
2.600000000000000000e+02 1.174607412307575917e-07
2.700000000000000000e+02 1.122137425565031001e-07
2.800000000000000000e+02 1.068368661331910698e-07
2.900000000000000000e+02 1.013986690595636850e-07
3.000000000000000000e+02 9.599165427762696559e-08
3.100000000000000000e+02 9.072778367379997631e-08
3.200000000000000000e+02 8.572687853156537754e-08
3.300000000000000000e+02 8.109996077414769983e-08
3.400000000000000000e+02 7.693226120521311803e-08
3.500000000000000000e+02 7.327067236326545452e-08
3.600000000000000000e+02 7.011859242536534444e-08
3.700000000000000000e+02 6.743864482182285611e-08
3.800000000000000000e+02 6.516170150353694546e-08
3.900000000000000000e+02 6.319950449004634313e-08
4.000000000000000000e+02 6.145800592569178683e-08
4.100000000000000000e+02 5.984907303340678973e-08
4.200000000000000000e+02 5.829907822354333361e-08
4.300000000000000000e+02 5.675380664607766034e-08
4.400000000000000000e+02 5.517986045104140166e-08
4.500000000000000000e+02 5.356322995167243109e-08
4.600000000000000000e+02 5.190593273097553672e-08
4.700000000000000000e+02 5.022164059762529605e-08
4.800000000000000000e+02 4.853109027892962557e-08
4.900000000000000000e+02 4.685787504571410178e-08
5.000000000000000000e+02 4.522499630637539874e-08
