2.000000000000000000e+00 -7.904464390834585670e-09
3.000000000000000000e+00 -6.948537845350556549e-09
4.000000000000000000e+00 -6.067496902044566546e-09
5.000000000000000000e+00 -5.278375241271058983e-09
6.000000000000000000e+00 -4.583403332010057428e-09
7.000000000000000000e+00 -3.976122140014126318e-09
8.000000000000000000e+00 -3.447840397208251867e-09
9.000000000000000000e+00 -2.989451921798783365e-09
1.000000000000000000e+01 -2.591167626214716306e-09
1.100000000000000000e+01 -2.244934197513247045e-09
1.200000000000000000e+01 -1.943907250334444541e-09
1.300000000000000000e+01 -1.680903565115255743e-09
1.400000000000000000e+01 -1.449794655868335506e-09
1.500000000000000000e+01 -1.246648007121744468e-09
1.600000000000000000e+01 -1.068277452769464973e-09
1.700000000000000000e+01 -9.108375995929739820e-10
1.800000000000000000e+01 -7.704800429138943405e-10
1.900000000000000000e+01 -6.446552598783168760e-10
2.000000000000000000e+01 -5.321609078487711002e-10
2.100000000000000000e+01 -4.320562262838822191e-10
2.200000000000000000e+01 -3.427864606352784956e-10
2.300000000000000000e+01 -2.622722206445026645e-10
2.400000000000000000e+01 -1.886078030657949414e-10
2.500000000000000000e+01 -1.206113949473964263e-10
2.600000000000000000e+01 -5.783799131267886727e-11
2.700000000000000000e+01 -1.953391955098252818e-13
2.800000000000000000e+01 5.246976260590995290e-11
2.900000000000000000e+01 1.005581049976508178e-10
3.000000000000000000e+01 1.446545255593036326e-10
3.100000000000000000e+01 1.853477650965474167e-10
3.200000000000000000e+01 2.230841125562883346e-10
3.300000000000000000e+01 2.581302527007026626e-10
3.400000000000000000e+01 2.906332646668735585e-10
3.500000000000000000e+01 3.207175244081073370e-10
3.600000000000000000e+01 3.485584962796099953e-10
3.700000000000000000e+01 3.744031302771299117e-10
3.800000000000000000e+01 3.985405454930836029e-10
3.900000000000000000e+01 4.212478998694314746e-10
4.000000000000000000e+01 4.427401976497746097e-10
4.100000000000000000e+01 4.631437637937192929e-10
4.200000000000000000e+01 4.824991867841092887e-10
4.300000000000000000e+01 5.007875730442580384e-10
4.400000000000000000e+01 5.179675916760980200e-10
4.500000000000000000e+01 5.340103665231994058e-10
4.600000000000000000e+01 5.489230243296524545e-10
4.700000000000000000e+01 5.627571471606447997e-10
4.800000000000000000e+01 5.756033644234077105e-10
4.900000000000000000e+01 5.875765838214845953e-10
5.000000000000000000e+01 5.987975492887835796e-10
5.100000000000000000e+01 6.093758561511996258e-10
5.200000000000000000e+01 6.193979229164225219e-10
5.300000000000000000e+01 6.289214339700454880e-10
5.400000000000000000e+01 6.379759955563999873e-10
5.500000000000000000e+01 6.465685209585771107e-10
5.600000000000000000e+01 6.546912813837908139e-10
5.700000000000000000e+01 6.623305548301282435e-10
5.800000000000000000e+01 6.694742062519525204e-10
5.900000000000000000e+01 6.761171401850348397e-10
6.000000000000000000e+01 6.822642050196023150e-10
6.100000000000000000e+01 6.879306693614431486e-10
6.200000000000000000e+01 6.931407660653450838e-10
6.300000000000000000e+01 6.979249907936583981e-10
6.400000000000000000e+01 7.023168694485540739e-10
6.500000000000000000e+01 7.063498146119182366e-10
6.600000000000000000e+01 7.100545248537779789e-10
6.700000000000000000e+01 7.134571888873538045e-10
6.800000000000000000e+01 7.165785757010404097e-10
6.900000000000000000e+01 7.194339460591707178e-10
7.000000000000000000e+01 7.220336218184445285e-10
7.100000000000000000e+01 7.243839987192417930e-10
7.200000000000000000e+01 7.264887797022047272e-10
7.300000000000000000e+01 7.283502291631921046e-10
7.400000000000000000e+01 7.299702921900789198e-10
7.500000000000000000e+01 7.313514755980998873e-10
7.600000000000000000e+01 7.324974402894197165e-10
7.700000000000000000e+01 7.334133004748356594e-10
7.800000000000000000e+01 7.341056606607990880e-10
7.900000000000000000e+01 7.345824444786071679e-10
8.000000000000000000e+01 7.348525807743776583e-10
8.100000000000000000e+01 7.349256135635285631e-10
8.200000000000000000e+01 7.348112958988070588e-10
8.300000000000000000e+01 7.345192160720053746e-10
8.400000000000000000e+01 7.340584904038824535e-10
8.500000000000000000e+01 7.334375423320497291e-10
8.600000000000000000e+01 7.326639742247185153e-10
8.700000000000000000e+01 7.317445274165995705e-10
8.800000000000000000e+01 7.306851179473005026e-10
8.900000000000000000e+01 7.294909305054099779e-10
9.000000000000000000e+01 7.281665509279161311e-10
9.100000000000000000e+01 7.267161178315060432e-10
9.200000000000000000e+01 7.251434759916561835e-10
9.300000000000000000e+01 7.234523173320840451e-10
9.400000000000000000e+01 7.216462992664297053e-10
9.500000000000000000e+01 7.197291341484144870e-10
9.600000000000000000e+01 7.177046473428750635e-10
9.700000000000000000e+01 7.155768046490715814e-10
9.800000000000000000e+01 7.133497123221379020e-10
9.900000000000000000e+01 7.110275946805371739e-10
1.000000000000000000e+02 7.086147552703539354e-10
1.100000000000000000e+02 6.804044212575326899e-10
1.200000000000000000e+02 6.470647322674076437e-10
1.300000000000000000e+02 6.111096581855959808e-10
1.400000000000000000e+02 5.746923675352402284e-10
1.500000000000000000e+02 5.393007849691096337e-10
1.600000000000000000e+02 5.059269055179595048e-10
1.700000000000000000e+02 4.753200548534976338e-10
1.800000000000000000e+02 4.478532974301515930e-10
1.900000000000000000e+02 4.235680529635311558e-10
2.000000000000000000e+02 4.023992960350752839e-10
2.100000000000000000e+02 3.842352530014636726e-10
2.200000000000000000e+02 3.688220626500309280e-10
2.300000000000000000e+02 3.557289134791891491e-10
2.400000000000000000e+02 3.444400859782497637e-10
2.500000000000000000e+02 3.344766910751746918e-10
2.600000000000000000e+02 3.254522358690762529e-10
2.700000000000000000e+02 3.170538673840116162e-10
2.800000000000000000e+02 3.089990093162787198e-10
2.900000000000000000e+02 3.010136774760161271e-10
3.000000000000000000e+02 2.928451986754969969e-10
3.100000000000000000e+02 2.842945264332081838e-10
3.200000000000000000e+02 2.752457827187199806e-10
3.300000000000000000e+02 2.656782133334684835e-10
3.400000000000000000e+02 2.556577696230623941e-10
3.500000000000000000e+02 2.453143560571353922e-10
3.600000000000000000e+02 2.348139355367062060e-10
3.700000000000000000e+02 2.243332958543682150e-10
3.800000000000000000e+02 2.140417648338869039e-10
3.900000000000000000e+02 2.040906238488859036e-10
4.000000000000000000e+02 1.946085907210549306e-10
4.100000000000000000e+02 1.857008150658271118e-10
4.200000000000000000e+02 1.774490660037706857e-10
4.300000000000000000e+02 1.699116698951618681e-10
4.400000000000000000e+02 1.631227653013294777e-10
4.500000000000000000e+02 1.570912275807723885e-10
4.600000000000000000e+02 1.518000127382401521e-10
4.700000000000000000e+02 1.472066814281639797e-10
4.800000000000000000e+02 1.432455976175988763e-10
4.900000000000000000e+02 1.398319018738635607e-10
5.000000000000000000e+02 1.368669751184915354e-10
