2.000000000000000000e+00 9.607887240793134053e-08
3.000000000000000000e+00 1.027676773604073612e-07
4.000000000000000000e+00 1.101613975189769416e-07
5.000000000000000000e+00 1.180048010570207456e-07
6.000000000000000000e+00 1.261177399701216817e-07
7.000000000000000000e+00 1.343694637344144003e-07
8.000000000000000000e+00 1.426642416138222646e-07
9.000000000000000000e+00 1.509289118421587582e-07
1.000000000000000000e+01 1.591091726278342812e-07
1.100000000000000000e+01 1.671654992564249959e-07
1.200000000000000000e+01 1.750664166736004509e-07
1.300000000000000000e+01 1.827873645692668666e-07
1.400000000000000000e+01 1.903117895729428456e-07
1.500000000000000000e+01 1.976284103718523669e-07
1.600000000000000000e+01 2.047278753966950448e-07
1.700000000000000000e+01 2.116028398593584055e-07
1.800000000000000000e+01 2.182493949477025327e-07
1.900000000000000000e+01 2.246665766847793722e-07
2.000000000000000000e+01 2.308543247104245533e-07
2.100000000000000000e+01 2.368122248978925726e-07
2.200000000000000000e+01 2.425399365534445840e-07
2.300000000000000000e+01 2.480382842783625139e-07
2.400000000000000000e+01 2.533097508658535192e-07
2.500000000000000000e+01 2.583580861628389448e-07
2.600000000000000000e+01 2.631875637051153996e-07
2.700000000000000000e+01 2.678024621370832694e-07
2.800000000000000000e+01 2.722069341669278756e-07
2.900000000000000000e+01 2.764050823059455730e-07
3.000000000000000000e+01 2.804010143637145398e-07
3.100000000000000000e+01 2.841988006370769898e-07
3.200000000000000000e+01 2.878023996167717423e-07
3.300000000000000000e+01 2.912156508362974725e-07
3.400000000000000000e+01 2.944423690365182892e-07
3.500000000000000000e+01 2.974864907413903877e-07
3.600000000000000000e+01 3.003521859278738225e-07
3.700000000000000000e+01 3.030438686945969222e-07
3.800000000000000000e+01 3.055660968781405256e-07
3.900000000000000000e+01 3.079234043101332061e-07
4.000000000000000000e+01 3.101201349024008275e-07
4.100000000000000000e+01 3.121603393576782665e-07
4.200000000000000000e+01 3.140477639106669009e-07
4.300000000000000000e+01 3.157859236614313838e-07
4.400000000000000000e+01 3.173782257760619298e-07
4.500000000000000000e+01 3.188280975484917206e-07
4.600000000000000000e+01 3.201390805200677521e-07
4.700000000000000000e+01 3.213148686562501975e-07
4.800000000000000000e+01 3.223592883187488154e-07
4.900000000000000000e+01 3.232762339710514489e-07
5.000000000000000000e+01 3.240695825342556903e-07
5.100000000000000000e+01 3.247431104104183137e-07
5.200000000000000000e+01 3.253004320536749029e-07
5.300000000000000000e+01 3.257449704061401551e-07
5.400000000000000000e+01 3.260799604294924295e-07
5.500000000000000000e+01 3.263084795964055363e-07
5.600000000000000000e+01 3.264334947935456365e-07
5.700000000000000000e+01 3.264579138649926128e-07
5.800000000000000000e+01 3.263846314668045214e-07
5.900000000000000000e+01 3.262165620611902836e-07
6.000000000000000000e+01 3.259566567041451938e-07
6.100000000000000000e+01 3.256079038706555102e-07
6.200000000000000000e+01 3.251733172988040620e-07
6.300000000000000000e+01 3.246559154247480611e-07
6.400000000000000000e+01 3.240586974193878659e-07
6.500000000000000000e+01 3.233846203277267930e-07
6.600000000000000000e+01 3.226365806701339453e-07
6.700000000000000000e+01 3.218174024341069314e-07
6.800000000000000000e+01 3.209298319690867668e-07
6.900000000000000000e+01 3.199765391190282221e-07
7.000000000000000000e+01 3.189601231165777946e-07
7.100000000000000000e+01 3.178831213576548748e-07
7.200000000000000000e+01 3.167480191426030139e-07
7.300000000000000000e+01 3.155572587285221927e-07
7.400000000000000000e+01 3.143132464822927078e-07
7.500000000000000000e+01 3.130183574487410640e-07
7.600000000000000000e+01 3.116749371609185250e-07
7.700000000000000000e+01 3.102853009506964972e-07
7.800000000000000000e+01 3.088517313261319264e-07
7.900000000000000000e+01 3.073764741518160027e-07
8.000000000000000000e+01 3.058617344060517171e-07
8.100000000000000000e+01 3.043096722163370632e-07
8.200000000000000000e+01 3.027223997236058148e-07
8.300000000000000000e+01 3.011019791304624449e-07
8.400000000000000000e+01 2.994504220818398405e-07
8.500000000000000000e+01 2.977696903353751112e-07
8.600000000000000000e+01 2.960616975231941797e-07
8.700000000000000000e+01 2.943283116985096144e-07
8.800000000000000000e+01 2.925713583036026890e-07
8.900000000000000000e+01 2.907926231880219493e-07
9.000000000000000000e+01 2.889938553399322719e-07
9.100000000000000000e+01 2.871767690591704266e-07
9.200000000000000000e+01 2.853430453859517476e-07
9.300000000000000000e+01 2.834943326926783952e-07
9.400000000000000000e+01 2.816322464374951205e-07
9.500000000000000000e+01 2.797583681586958786e-07
9.600000000000000000e+01 2.778742438528109547e-07
9.700000000000000000e+01 2.759813819227489516e-07
9.800000000000000000e+01 2.740812509046442220e-07
9.900000000000000000e+01 2.721752771840446548e-07
1.000000000000000000e+02 2.702648428963234101e-07
1.100000000000000000e+02 2.511856649244913662e-07
1.200000000000000000e+02 2.328462073633840190e-07
1.300000000000000000e+02 2.159687239428712784e-07
1.400000000000000000e+02 2.009668848548033148e-07
1.500000000000000000e+02 1.879826585397479229e-07
1.600000000000000000e+02 1.769903416093995130e-07
1.700000000000000000e+02 1.678447043787618898e-07
1.800000000000000000e+02 1.602741530550485344e-07
1.900000000000000000e+02 1.539230942051452568e-07
2.000000000000000000e+02 1.484345201610322902e-07
2.100000000000000000e+02 1.434999238919473389e-07
2.200000000000000000e+02 1.388595439829384280e-07
2.300000000000000000e+02 1.342895819404699546e-07
2.400000000000000000e+02 1.296064142124472143e-07
2.500000000000000000e+02 1.246859468343276631e-07
2.600000000000000000e+02 1.194797952330652772e-07
2.700000000000000000e+02 1.140151570040762990e-07
2.800000000000000000e+02 1.083781940878916542e-07
2.900000000000000000e+02 1.026891962271583647e-07
3.000000000000000000e+02 9.707865273843890316e-08
3.100000000000000000e+02 9.166957226308453791e-08
3.200000000000000000e+02 8.656697174309747586e-08
3.300000000000000000e+02 8.185275565828032029e-08
3.400000000000000000e+02 7.758360644911034363e-08
3.500000000000000000e+02 7.379024908497019378e-08
3.600000000000000000e+02 7.047754825678736098e-08
3.700000000000000000e+02 6.762566501371511971e-08
3.800000000000000000e+02 6.519270867489452409e-08
3.900000000000000000e+02 6.311907772124850065e-08
4.000000000000000000e+02 6.133324747422208271e-08
4.100000000000000000e+02 5.975837690945345102e-08
4.200000000000000000e+02 5.831891586491934198e-08
4.300000000000000000e+02 5.694642646581888983e-08
4.400000000000000000e+02 5.558403504611099584e-08
4.500000000000000000e+02 5.418921351903965616e-08
4.600000000000000000e+02 5.273486683962571596e-08
4.700000000000000000e+02 5.120891859190287723e-08
4.800000000000000000e+02 4.961271637492256179e-08
4.900000000000000000e+02 4.795862682149133650e-08
5.000000000000000000e+02 4.626717719337367140e-08
