2.000000000000000000e+00 8.036632131416430131e-09
3.000000000000000000e+00 2.534417245304495577e-09
4.000000000000000000e+00 1.068823311076019388e-09
5.000000000000000000e+00 5.347902575125127925e-10
6.000000000000000000e+00 2.991449228328279797e-10
7.000000000000000000e+00 1.809942536672891393e-10
8.000000000000000000e+00 1.161607110203086212e-10
9.000000000000000000e+00 7.810281902092863808e-11
1.000000000000000000e+01 5.452985660103040139e-11
1.100000000000000000e+01 3.927180489578618236e-11
1.200000000000000000e+01 2.902219849362132879e-11
1.300000000000000000e+01 2.191962164239554445e-11
1.400000000000000000e+01 1.686795592088844790e-11
1.500000000000000000e+01 1.319363104196647924e-11
1.600000000000000000e+01 1.046807159563008435e-11
1.700000000000000000e+01 8.410188475002177469e-12
1.800000000000000000e+01 6.831907815384746005e-12
1.900000000000000000e+01 5.604657290560186301e-12
2.000000000000000000e+01 4.638764033869767456e-12
2.100000000000000000e+01 3.870317665129737096e-12
2.200000000000000000e+01 3.253039484625865387e-12
2.300000000000000000e+01 2.752814030978907675e-12
2.400000000000000000e+01 2.344154205634274770e-12
2.500000000000000000e+01 2.007814153497827406e-12
2.600000000000000000e+01 1.729084669840568782e-12
2.700000000000000000e+01 1.496610922536485843e-12
2.800000000000000000e+01 1.301539510670996276e-12
2.900000000000000000e+01 1.136888791651524298e-12
3.000000000000000000e+01 9.971460685861449311e-13
3.100000000000000000e+01 8.779325398338598332e-13
3.200000000000000000e+01 7.757400439375124234e-13
3.300000000000000000e+01 6.877304957633017935e-13
3.400000000000000000e+01 6.116041583418579954e-13
3.500000000000000000e+01 5.454880029459496170e-13
3.600000000000000000e+01 4.878467994333546807e-13
3.700000000000000000e+01 4.374178306855401877e-13
3.800000000000000000e+01 3.931637952672337554e-13
3.900000000000000000e+01 3.542175948383572905e-13
4.000000000000000000e+01 3.198486785875707577e-13
4.100000000000000000e+01 2.894393231501655460e-13
4.200000000000000000e+01 2.624655267660090327e-13
4.300000000000000000e+01 2.384816041754605364e-13
4.400000000000000000e+01 2.171068448268644710e-13
4.500000000000000000e+01 1.980149484016624256e-13
4.600000000000000000e+01 1.809254428995522697e-13
4.700000000000000000e+01 1.655965774141288777e-13
4.800000000000000000e+01 1.518187696973143333e-13
4.900000000000000000e+01 1.394083109858609025e-13
5.000000000000000000e+01 1.282059436130202457e-13
5.100000000000000000e+01 1.180737698277818558e-13
5.200000000000000000e+01 1.088920128702238875e-13
5.300000000000000000e+01 1.005563244486674122e-13
5.400000000000000000e+01 9.297553744136724799e-14
5.500000000000000000e+01 8.606994967848628549e-14
5.600000000000000000e+01 7.977010987693228683e-14
5.700000000000000000e+01 7.401480131541389575e-14
5.800000000000000000e+01 6.874979968035916077e-14
5.900000000000000000e+01 6.392698387639353520e-14
6.000000000000000000e+01 5.950357119430823569e-14
6.100000000000000000e+01 5.544145789979051108e-14
6.200000000000000000e+01 5.170664941977987811e-14
6.300000000000000000e+01 4.826876686803176224e-14
6.400000000000000000e+01 4.510063753445352567e-14
6.500000000000000000e+01 4.217796575094121686e-14
6.600000000000000000e+01 3.947893361150522282e-14
6.700000000000000000e+01 3.698390350093984087e-14
6.800000000000000000e+01 3.467517685465338252e-14
6.900000000000000000e+01 3.253678212086764420e-14
7.000000000000000000e+01 3.055428809501182512e-14
7.100000000000000000e+01 2.871463933611957984e-14
7.200000000000000000e+01 2.700601083373239149e-14
7.300000000000000000e+01 2.541766387782446187e-14
7.400000000000000000e+01 2.393979505982698932e-14
7.500000000000000000e+01 2.256349617557609232e-14
7.600000000000000000e+01 2.128067724489893648e-14
7.700000000000000000e+01 2.008398217850733693e-14
7.800000000000000000e+01 1.896671407525590585e-14
7.900000000000000000e+01 1.792276894433531856e-14
8.000000000000000000e+01 1.694657681086221780e-14
8.100000000000000000e+01 1.603304930319748892e-14
8.200000000000000000e+01 1.517753293994819767e-14
8.300000000000000000e+01 1.437576743712342123e-14
8.400000000000000000e+01 1.362384879450760418e-14
8.500000000000000000e+01 1.291819680385552113e-14
8.600000000000000000e+01 1.225552382210804865e-14
8.700000000000000000e+01 1.163280764776795378e-14
8.800000000000000000e+01 1.104726750763708766e-14
8.900000000000000000e+01 1.049634244875877158e-14
9.000000000000000000e+01 9.977671871530427959e-15
9.100000000000000000e+01 9.489077971444844040e-15
9.200000000000000000e+01 9.028549884360148974e-15
9.300000000000000000e+01 8.594229354147840247e-15
9.400000000000000000e+01 8.184397762500157218e-15
9.500000000000000000e+01 7.797464379002592175e-15
9.600000000000000000e+01 7.431959197168455094e-15
9.700000000000000000e+01 7.086532026074648674e-15
9.800000000000000000e+01 6.759930631886833074e-15
9.900000000000000000e+01 6.450989592799222835e-15
1.000000000000000000e+02 6.158623714131935879e-15
1.100000000000000000e+02 3.954456330852024050e-15
1.200000000000000000e+02 2.626747986760423873e-15
1.300000000000000000e+02 1.794357949081774394e-15
1.400000000000000000e+02 1.255802978222580290e-15
1.500000000000000000e+02 8.984363394254104104e-16
1.600000000000000000e+02 6.553666721629085386e-16
1.700000000000000000e+02 4.861768060531410694e-16
1.800000000000000000e+02 3.661460599803273504e-16
1.900000000000000000e+02 2.796115905932152472e-16
2.000000000000000000e+02 2.162782204310611703e-16
2.100000000000000000e+02 1.692316378910157861e-16
2.200000000000000000e+02 1.338032704040329387e-16
2.300000000000000000e+02 1.067991304170967696e-16
2.400000000000000000e+02 8.599739195582891282e-17
2.500000000000000000e+02 6.981644310339188494e-17
2.600000000000000000e+02 5.711351037701404489e-17
2.700000000000000000e+02 4.705102701923619229e-17
2.800000000000000000e+02 3.901302002108885567e-17
2.900000000000000000e+02 3.254232707190521740e-17
3.000000000000000000e+02 2.729623386515643709e-17
3.100000000000000000e+02 2.301523507639582352e-17
3.200000000000000000e+02 1.950050465444285877e-17
3.300000000000000000e+02 1.659839967496538490e-17
3.400000000000000000e+02 1.418922444928088407e-17
3.500000000000000000e+02 1.217895535407117784e-17
3.600000000000000000e+02 1.049339413832395538e-17
3.700000000000000000e+02 9.073634706542572930e-18
3.800000000000000000e+02 7.872612430335265196e-18
3.900000000000000000e+02 6.852521407534207326e-18
4.000000000000000000e+02 5.982850497139473503e-18
4.100000000000000000e+02 5.238779332320103658e-18
4.200000000000000000e+02 4.600008141712481524e-18
4.300000000000000000e+02 4.049859137962807026e-18
4.400000000000000000e+02 3.574571042254880383e-18
4.500000000000000000e+02 3.162742215728742927e-18
4.600000000000000000e+02 2.804888808391944983e-18
4.700000000000000000e+02 2.493092428377253096e-18
4.800000000000000000e+02 2.220717860549090880e-18
4.900000000000000000e+02 1.982185879794758497e-18
5.000000000000000000e+02 1.772789609872628191e-18
