2.000000000000000000e+00 7.773790588961685089e-09
3.000000000000000000e+00 2.454725642106505465e-09
4.000000000000000000e+00 1.036163729639812616e-09
5.000000000000000000e+00 5.187821808413621418e-10
6.000000000000000000e+00 2.902760006798860305e-10
7.000000000000000000e+00 1.756929270486681594e-10
8.000000000000000000e+00 1.128292278038911866e-10
9.000000000000000000e+00 7.591004340688309133e-11
1.000000000000000000e+01 5.301831315725825006e-11
1.100000000000000000e+01 3.818603966213163052e-11
1.200000000000000000e+01 2.822224943282940919e-11
1.300000000000000000e+01 2.132146950454443228e-11
1.400000000000000000e+01 1.641371282511713487e-11
1.500000000000000000e+01 1.284264175972173509e-11
1.600000000000000000e+01 1.019203924857346264e-11
1.700000000000000000e+01 8.189765531089468592e-12
1.800000000000000000e+01 6.653623151147560707e-12
1.900000000000000000e+01 5.458943763823035316e-12
2.000000000000000000e+01 4.518829093264254870e-12
2.100000000000000000e+01 3.771118680796757971e-12
2.200000000000000000e+01 3.170488525657024260e-12
2.300000000000000000e+01 2.683585152375608098e-12
2.400000000000000000e+01 2.285605686975777040e-12
2.500000000000000000e+01 1.957944915801353398e-12
2.600000000000000000e+01 1.686371126553900842e-12
2.700000000000000000e+01 1.459869462117656776e-12
2.800000000000000000e+01 1.269825193710277261e-12
2.900000000000000000e+01 1.109409122981000067e-12
3.000000000000000000e+01 9.732323313961621850e-13
3.100000000000000000e+01 8.570231274319761333e-13
3.200000000000000000e+01 7.573678635009249030e-13
3.300000000000000000e+01 6.715175830022568868e-13
3.400000000000000000e+01 5.972439972785455676e-13
3.500000000000000000e+01 5.327292479267984811e-13
3.600000000000000000e+01 4.764811990307794822e-13
3.700000000000000000e+01 4.272709414228554783e-13
3.800000000000000000e+01 3.840874509727995135e-13
3.900000000000000000e+01 3.460849916690955295e-13
4.000000000000000000e+01 3.125507201335838000e-13
4.100000000000000000e+01 2.828816927268489918e-13
4.200000000000000000e+01 2.565659229060925534e-13
4.300000000000000000e+01 2.331666091791857065e-13
4.400000000000000000e+01 2.123108462934905301e-13
4.500000000000000000e+01 1.936795124806402023e-13
4.600000000000000000e+01 1.769986653127135100e-13
4.700000000000000000e+01 1.620324445692857828e-13
4.800000000000000000e+01 1.485766523897139539e-13
4.900000000000000000e+01 1.364527164899400309e-13
5.000000000000000000e+01 1.255058844640282512e-13
5.100000000000000000e+01 1.156021233617005100e-13
5.200000000000000000e+01 1.066249812471487051e-13
5.300000000000000000e+01 9.847297793372023741e-14
5.400000000000000000e+01 9.105742691706833567e-14
5.500000000000000000e+01 8.430084530415975864e-14
5.600000000000000000e+01 7.813593973812378367e-14
5.700000000000000000e+01 7.250335180477808902e-14
5.800000000000000000e+01 6.735040457871782767e-14
5.900000000000000000e+01 6.263027183975375750e-14
6.000000000000000000e+01 5.830126001869821410e-14
6.100000000000000000e+01 5.432618634329597052e-14
6.200000000000000000e+01 5.067183925285872657e-14
6.300000000000000000e+01 4.730850931330888751e-14
6.400000000000000000e+01 4.420955636820481559e-14
6.500000000000000000e+01 4.135099693840439528e-14
6.600000000000000000e+01 3.871128937889931626e-14
6.700000000000000000e+01 3.627107934540326591e-14
6.800000000000000000e+01 3.401295195725110084e-14
6.900000000000000000e+01 3.192121491153388814e-14
7.000000000000000000e+01 2.998170833127012495e-14
7.100000000000000000e+01 2.818163775202582295e-14
7.200000000000000000e+01 2.650942717459028955e-14
7.300000000000000000e+01 2.495457960891278656e-14
7.400000000000000000e+01 2.350753903959672518e-14
7.500000000000000000e+01 2.215962808388502111e-14
7.600000000000000000e+01 2.090296653901699132e-14
7.700000000000000000e+01 1.973038904031102034e-14
7.800000000000000000e+01 1.863537215868882495e-14
7.900000000000000000e+01 1.761196974987613045e-14
8.000000000000000000e+01 1.665475553003580885e-14
8.100000000000000000e+01 1.575877199111415788e-14
8.200000000000000000e+01 1.491948488751601340e-14
8.300000000000000000e+01 1.413274262702033716e-14
8.400000000000000000e+01 1.339474631093389225e-14
8.500000000000000000e+01 1.270203277941151186e-14
8.600000000000000000e+01 1.205142138785953898e-14
8.700000000000000000e+01 1.143998243989931583e-14
8.800000000000000000e+01 1.086501526586190080e-14
8.900000000000000000e+01 1.032402839737130182e-14
9.000000000000000000e+01 9.814721620666404417e-15
9.100000000000000000e+01 9.334969715563661981e-15
9.200000000000000000e+01 8.882807708321827886e-15
9.300000000000000000e+01 8.456417485504769925e-15
9.400000000000000000e+01 8.054115632561529186e-15
9.500000000000000000e+01 7.674342375536526731e-15
9.600000000000000000e+01 7.315650683596662537e-15
9.700000000000000000e+01 6.976695008964216223e-15
9.800000000000000000e+01 6.656226050370073987e-15
9.900000000000000000e+01 6.353083882573588864e-15
1.000000000000000000e+02 6.066190831282707473e-15
1.100000000000000000e+02 3.901017598324911524e-15
1.200000000000000000e+02 2.593311339469676112e-15
1.300000000000000000e+02 1.773453492343833562e-15
1.400000000000000000e+02 1.242909969661411750e-15
1.500000000000000000e+02 8.900695437072839399e-16
1.600000000000000000e+02 6.496809348407630692e-16
1.700000000000000000e+02 4.823555983440989343e-16
1.800000000000000000e+02 3.636380825173924882e-16
1.900000000000000000e+02 2.779490800920222795e-16
2.000000000000000000e+02 2.151301042601141070e-16
2.100000000000000000e+02 1.684183268792794115e-16
2.200000000000000000e+02 1.332304256838641546e-16
2.300000000000000000e+02 1.064062519352110258e-16
2.400000000000000000e+02 8.573201985416739729e-17
2.500000000000000000e+02 6.963584682386511599e-17
2.600000000000000000e+02 5.698639456343265143e-17
2.700000000000000000e+02 4.695884091481601079e-17
2.800000000000000000e+02 3.894537004911274665e-17
2.900000000000000000e+02 3.249328826004253929e-17
3.000000000000000000e+02 2.726186510590213741e-17
3.100000000000000000e+02 2.299219620064208321e-17
3.200000000000000000e+02 1.948600191245292698e-17
3.300000000000000000e+02 1.659016289013033209e-17
3.400000000000000000e+02 1.418547652528066438e-17
3.500000000000000000e+02 1.217841419153278921e-17
3.600000000000000000e+02 1.049514894809605210e-17
3.700000000000000000e+02 9.077033359208726462e-18
3.800000000000000000e+02 7.877184259621769149e-18
3.900000000000000000e+02 6.857920314232388356e-18
4.000000000000000000e+02 5.988811227515930734e-18
4.100000000000000000e+02 5.245097284938313721e-18
4.200000000000000000e+02 4.606526019687040516e-18
4.300000000000000000e+02 4.056456614286093064e-18
4.400000000000000000e+02 3.581156726649057561e-18
4.500000000000000000e+02 3.169247388310645188e-18
4.600000000000000000e+02 2.811262515994515030e-18
4.700000000000000000e+02 2.499297636382237175e-18
4.800000000000000000e+02 2.226728425611334743e-18
4.900000000000000000e+02 1.987984163371811424e-18
5.000000000000000000e+02 1.778364593702714962e-18
