2	8.718467839701188e-9
3	2.6467308182272646e-9
4	1.0971213402116811e-9
5	5.431597832036702e-10
6	3.0189794158157335e-10
7	1.8208733894226665e-10
8	1.1672320416836406e-10
9	7.844345837144358e-11
10	5.474634089664429e-11
11	3.940656500929397e-11
12	2.910473592242212e-11
13	2.197007241509407e-11
14	1.689759158514211e-11
15	1.3209093215936538e-11
16	1.047383378242585e-11
17	8.410233145768623e-12
18	6.829382635860859e-12
19	5.601692519272956e-12
20	4.636505267592707e-12
21	3.869283503899994e-12
22	3.2532339720394828e-12
23	2.7540352414371115e-12
24	2.3461113345678555e-12
25	2.010202238828097e-12
26	1.7316281542709812e-12
27	1.4990789687121701e-12
28	1.3037691584465554e-12
29	1.1388028849754383e-12
30	9.987220296622557e-13
31	8.791879699409857e-13
32	7.767069005273552e-13
33	6.884664521802803e-13
34	6.121689793208202e-13
35	5.459472863589609e-13
36	4.882593840266604e-13
37	4.378304498035617e-13
38	3.9360299847028513e-13
39	3.5469478774043194e-13
40	3.2036367412453626e-13
41	2.899849702065321e-13
42	2.6303383101508604e-13
43	2.3906113948597406e-13
44	2.176860136997067e-13
45	1.985832178149176e-13
46	1.814718751397244e-13
47	1.6611239731126255e-13
48	1.5229694706759086e-13
49	1.3984588672358074e-13
50	1.2860321457270024e-13
51	1.1843307366876588e-13
52	1.0921734905978075e-13
53	1.0085175968409344e-13
54	9.324619705294176e-14
55	8.632046557640994e-14
56	8.000425717231458e-14
57	7.423555771045683e-14
58	6.895942213168486e-14
59	6.412732993425963e-14
60	5.969596432157909e-14
61	5.5626918157453896e-14
62	5.1885966643104137e-14
63	4.844252319490678e-14
64	4.526911592459243e-14
65	4.234149497772399e-14
66	3.963759250058464e-14
67	3.713766717855072e-14
68	3.482393793717965e-14
69	3.268043223750666e-14
70	3.069271541855419e-14
71	2.884771417009356e-14
72	2.7133554711437944e-14
73	2.5539557970433138e-14
74	2.4055998421500996e-14
75	2.26740888449188e-14
76	2.1385789366374758e-14
77	2.0183783506519998e-14
78	1.906141101730403e-14
79	1.8012587817535474e-14
80	1.703173705595482e-14
81	1.6113817460362587e-14
82	1.525417374172148e-14
83	1.4448538775861493e-14
84	1.3693005775112639e-14
85	1.2984006649627664e-14
86	1.2318206414925636e-14
87	1.1692576179845401e-14
88	1.1104349391015782e-14
89	1.0550939916620567e-14
90	1.0029977173626107e-14
91	9.539272060775534e-15
92	9.076801989502094e-15
93	8.64069971838196e-15
94	8.229232390801113e-15
95	7.8408014890719e-15
96	7.473922880430891e-15
97	7.12722149647621e-15
98	6.799421310776052e-15
99	6.48933600256756e-15
100	6.195866275788317e-15
101	5.917990938596631e-15
102	5.65475734815578e-15
103	5.405274610193894e-15
104	5.168721875894839e-15
105	4.9443263344306415e-15
106	4.731375514104401e-15
107	4.529192987569667e-15
108	4.337151972214295e-15
109	4.1546762883154386e-15
110	3.9812144724049354e-15
111	3.81626064057319e-15
112	3.659325821477714e-15
113	3.509965937587026e-15
114	3.3677586539257185e-15
115	3.232319929535357e-15
116	3.1032752726040293e-15
117	2.980278214386736e-15
118	2.8630046749428464e-15
119	2.7511467099926067e-15
120	2.6444206949501546e-15
121	2.5425535544022e-15
122	2.4452907984398357e-15
123	2.352394919506341e-15
124	2.2636410307004663e-15
125	2.1788171276581424e-15
126	2.097723866583176e-15
127	2.0201726826984732e-15
128	1.945986266956136e-15
129	1.8749970177465786e-15
130	1.8070472302763866e-15
131	1.741987121136772e-15
132	1.6796763515169221e-15
133	1.6199811416039046e-15
134	1.5627753979575129e-15
135	1.5079403531087333e-15
136	1.4553633520435081e-15
137	1.40493760325453e-15
138	1.3565622722228691e-15
139	1.3101418489535798e-15
140	1.2655855370636847e-15
141	1.2228075188958731e-15
142	1.1817265903638789e-15
143	1.1422652116661176e-15
144	1.1043499295698214e-15
145	1.06791252433244e-15
146	1.032886218793108e-15
147	9.992082845173732e-16
148	9.668194225012252e-16
149	9.35662979957971e-16
150	9.056852034340407e-16
151	8.768349749139034e-16
152	8.490635372879338e-16
153	8.223249313048099e-16
154	7.965750051523448e-16
155	7.717718284484316e-16
156	7.478754492662831e-16
157	7.248479506141546e-16
158	7.026531236802516e-16
159	6.812564494371235e-16
160	6.606250362554161e-16
161	6.407274525312091e-16
162	6.21533813520191e-16
163	6.030158236009761e-16
164	5.85145690417749e-16
165	5.678984159154939e-16
166	5.512476827561251e-16
167	5.351705390988458e-16
168	5.196443414570789e-16
169	5.046473523185825e-16
170	4.901589838331357e-16
171	4.761594142587169e-16
172	4.626288888581907e-16
173	4.495497754682733e-16
174	4.26234259103452e-16
175	3.5957035716925663e-16
176	3.495349006018905e-16
177	3.398276200848951e-16
178	3.3043622896729123e-16
179	3.2134885043610474e-16
180	3.12554309178417e-16
181	3.0404183376822e-16
182	2.958009824818493e-16
183	2.8782187633783046e-16
184	2.8009499794041697e-16
185	2.7261121742602224e-16
186	2.653617872420042e-16
187	2.583383066146649e-16
188	2.515326932302708e-16
189	2.4493721988506987e-16
190	2.38544453827366e-16
191	2.3234726167897785e-16
192	2.2633879474829836e-16
193	2.2051246521241377e-16
194	2.1486198598908583e-16
195	2.0938122641169488e-16
196	2.04064352240791e-16
197	1.989057638079386e-16
198	1.9390006077334825e-16
199	1.8904205471154945e-16
200	1.843267500258798e-16
201	1.7974935075243435e-16
202	1.7530524435405794e-16
203	1.709899589590303e-16
204	1.667992272402892e-16
205	1.6272893131791573e-16
206	1.58775110439654e-16
207	1.5493393210036232e-16
208	1.512017279274097e-16
209	1.475749471257465e-16
210	1.4405018376014451e-16
211	1.406241438916876e-16
212	1.372936549778681e-16
213	1.3405564535627823e-16
214	1.3090723770913987e-16
215	1.2784552289976045e-16
216	1.2486774681095404e-16
217	1.2197129592332728e-16
218	1.191536928078919e-16
219	1.1641233330074845e-16
220	1.137450045994217e-16
221	1.111493459098667e-16
222	1.0862314811998477e-16
223	1.0616427714965324e-16
224	1.0377067779102358e-16
225	1.014402772272369e-16
226	9.917133934908296e-17
227	9.696188834667719e-17
228	9.481015425595409e-17
229	9.271440583561376e-17
230	9.067284922451123e-17
231	8.868411481777781e-17
232	8.674651888085828e-17
233	8.485855110686639e-17
234	8.301875218324752e-17
235	8.122570976651949e-17
236	7.947806145643641e-17
237	7.777448761980432e-17
238	7.611371157540097e-17
239	7.449449675011069e-17
240	7.291565354440562e-17
241	7.13760233269169e-17
242	6.98744888467743e-17
243	6.840996706416243e-17
244	6.69814103767271e-17
245	6.55878033541154e-17
246	6.422816641308617e-17
247	6.290154765772227e-17
248	6.160702560244628e-17
249	6.03437091925514e-17
250	5.91107337890893e-17
251	5.790726292735181e-17
252	5.673248613661747e-17
253	5.55856168306726e-17
254	5.4465893274516777e-17
255	5.337257859264849e-17
256	5.230495633360846e-17
257	5.1262334804472004e-17
258	5.024404093612162e-17
259	4.924942026920026e-17
260	4.82778448881454e-17
261	4.73287004800837e-17
262	4.640139043905071e-17
263	4.549533881723503e-17
264	4.460998577791169e-17
265	4.3744787465969666e-17
266	4.2899218689749575e-17
267	4.207276696790541e-17
268	4.126493932588949e-17
269	4.0475247202121364e-17
270	3.970322647319416e-17
271	3.894842221319474e-17
272	3.8210393904413e-17
273	3.748871994257282e-17
274	3.678297112016022e-17
275	3.6092750252411136e-17
276	3.541767441300547e-17
277	3.4757342791688654e-17
278	3.411139513212201e-17
279	3.3479471444399763e-17
280	3.286122083808132e-17
281	3.225630619001527e-17
282	3.166439541164887e-17
283	3.108516793609408e-17
284	3.051831147419388e-17
285	2.996352257439998e-17
286	2.9420506045445514e-17
287	2.888897493845126e-17
288	2.836865047089975e-17
289	2.7859261269810314e-17
290	2.7360543332578625e-17
291	2.6872240231453568e-17
292	2.639410166901975e-17
293	2.592588493020694e-17
294	2.5467353495439873e-17
295	2.5018277441891122e-17
296	2.4578432870927256e-17
297	2.414760170581672e-17
298	2.3725572116787046e-17
299	2.3312137511358932e-17
300	2.2907097010008707e-17
301	2.25102554580472e-17
302	2.2121421167462376e-17
303	2.1740409478878147e-17
304	2.136703929720225e-17
305	2.1001134921318633e-17
306	2.0642523905507974e-17
307	2.02910415807981e-17
308	1.9946524211799235e-17
309	1.9608813424894043e-17
310	1.9277754865877326e-17
311	1.895319828466761e-17
312	1.8634996276629365e-17
313	1.832300777278078e-17
314	1.8017092658476508e-17
315	1.7717115388707877e-17
316	1.7422943544282546e-17
317	1.713444864594576e-17
318	1.6851504717964125e-17
319	1.65739896134218e-17
320	1.6301783703461003e-17
321	1.6034773604746187e-17
322	1.5772839670011353e-17
323	1.5515874084453753e-17
324	1.5263768471834055e-17
325	1.501641831521229e-17
326	1.4773720594786846e-17
327	1.453557465360463e-17
328	1.4301882888719802e-17
329	1.4072549805220807e-17
330	1.3847481511508385e-17
331	1.3626588538599708e-17
332	1.3409781625954179e-17
333	1.3196974138090724e-17
334	1.2988080556916988e-17
335	1.278302251500544e-17
336	1.2581714346358345e-17
337	1.2384079541473247e-17
338	1.2190041271603815e-17
339	1.1999531430027635e-17
340	1.1812463473820106e-17
341	1.1628772648290507e-17
342	1.1448389190697339e-17
343	1.1271244968991961e-17
344	1.1097273438560635e-17
345	1.0926409601225543e-17
346	1.0758589964122838e-17
347	1.059375251860125e-17
348	1.0431836608911499e-17
349	1.027278306293374e-17
350	1.0116533988622542e-17
351	9.963032884680231e-18
352	9.812224553207857e-18
353	9.664054889704081e-18
354	9.518480847651656e-18
355	9.375431618644945e-18
356	9.23486636586991e-18
357	9.096735802384992e-18
358	8.96099183976106e-18
359	8.827587344444866e-18
360	8.696476266817089e-18
361	8.567613594021537e-18
362	8.440955287846248e-18
363	8.316470149726482e-18
364	8.194092245577763e-18
365	8.073792414431272e-18
366	7.955530370620026e-18
367	7.839266587242625e-18
368	7.724962863414274e-18
369	7.612581239553612e-18
370	7.502084892290168e-18
371	7.393437773256865e-18
372	7.286604505163379e-18
373	7.181550679841812e-18
374	7.078242480168916e-18
375	6.976646837332347e-18
376	6.876731317173138e-18
377	6.7784643614271274e-18
378	6.681814887837253e-18
379	6.586752632012848e-18
380	6.493247847435849e-18
381	6.401271498149449e-18
382	6.310795089231926e-18
383	6.221790770670172e-18
384	6.1342312759404566e-18
385	6.048089897986279e-18
386	5.963340293935864e-18
387	5.879957266477421e-18
388	5.797915568766484e-18
389	5.717190565398207e-18
390	5.637758261892796e-18
391	5.559595104148056e-18
392	5.482678025058973e-18
393	5.40698447266357e-18
394	5.332492233517817e-18
395	5.259179736271097e-18
396	5.187025596951786e-18
397	5.116009092315297e-18
398	5.046109823538167e-18
399	4.9773078212326585e-18
400	4.909583513120527e-18
401	4.84291782393328e-18
402	4.7772918045540955e-18
403	4.712687044151639e-18
404	4.649085540451352e-18
405	4.58646960177109e-18
406	4.524821889704304e-18
407	4.464125408453362e-18
408	4.404363498571881e-18
409	4.345519830994506e-18
410	4.287578396540503e-18
411	4.2305234898195105e-18
412	4.174339744450562e-18
413	4.119012027024974e-18
414	4.0645256276370806e-18
415	4.010866004886797e-18
416	3.958018465767403e-18
417	3.905969969004624e-18
418	3.854706390164114e-18
419	3.804214316034189e-18
420	3.754480594608833e-18
421	3.705492335660009e-18
422	3.657236843019821e-18
423	3.609701721128319e-18
424	3.5628748026058036e-18
425	3.5167441225900424e-18
426	3.471297969108711e-18
427	3.4265248420108213e-18
428	3.3824134600681496e-18
429	3.338952745858516e-18
430	3.2961318579004636e-18
431	3.2539400939757564e-18
432	3.2123670602487454e-18
433	3.171402466188327e-18
434	3.131036231241055e-18
435	3.0912585001434615e-18
436	3.0520595369407098e-18
437	3.013429837273955e-18
438	2.9753600474215373e-18
439	2.9378410148651365e-18
440	2.9008637426820294e-18
441	2.864419323341489e-18
442	2.828499128561707e-18
443	2.7930946384251383e-18
444	2.758197484817842e-18
445	2.7237987268414277e-18
446	2.6898917742356124e-18
447	2.656467964257578e-18
448	2.6235195636595825e-18
449	2.5910388742094824e-18
450	2.559018424708714e-18
451	2.527450865822852e-18
452	2.4963289579622853e-18
453	2.465645607192774e-18
454	2.4353937818008972e-18
455	2.4055667394519384e-18
456	2.376157707110017e-18
457	2.3471600731173475e-18
458	2.3185673881178517e-18
459	2.2903731666372303e-18
460	2.2625712376444695e-18
461	2.2351554220050754e-18
462	2.2081196774351053e-18
463	2.181458059306058e-18
464	2.1551647323209667e-18
465	2.1292339621274456e-18
466	2.1036601135642357e-18
467	2.0784376568653776e-18
468	2.053561149888776e-18
469	2.0290252418555663e-18
470	2.004824677819151e-18
471	1.980953285673664e-18
472	1.9574080224186943e-18
473	1.934182880613864e-18
474	1.9112729633857954e-18
475	1.8886734479857602e-18
476	1.8663796009800907e-18
477	1.844386766554347e-18
478	1.8226903727213728e-18
479	1.8012859098000684e-18
480	1.7801689450167975e-18
481	1.75933517484883e-18
482	1.7387802974878884e-18
483	1.7185001214502414e-18
484	1.6984905064179488e-18
485	1.6787473936505137e-18
486	1.6592667900989097e-18
487	1.6400447702822508e-18
488	1.6210774693518178e-18
489	1.6023610885311614e-18
490	1.5838918936608017e-18
491	1.5656649623594262e-18
492	1.547679202908065e-18
493	1.5299297971220765e-18
494	1.5124132523229749e-18
495	1.4951261403441354e-18
496	1.4780651277850304e-18
497	1.4612267775929316e-18
498	1.4446078798580183e-18
499	1.4282052216258577e-18
500	1.412015638077857e-18
501	1.3960360186286982e-18
502	1.3802633017482757e-18
503	1.3646944740377338e-18
504	1.349325175821842e-18
505	1.3341553049492955e-18
506	1.3191805793406394e-18
507	1.3043981783624781e-18
508	1.2898053262565656e-18
509	1.2753992913507657e-18
510	1.2611773860457817e-18
511	1.247136965425227e-18
512	1.2332754279206091e-18
513	1.2195902118183581e-18
514	1.206078795756098e-18
515	1.192738699493799e-18
516	1.1795674869187026e-18
517	1.1665627531763836e-18
518	1.1537221316244352e-18
519	1.1410432991900642e-18
520	1.1285239679783875e-18
521	1.1161618768948587e-18
522	1.1039548095282031e-18
523	1.091900582353258e-18
524	1.0799970471554328e-18
525	1.0682420884254763e-18
526	1.0566336182091585e-18
527	1.0451695872428907e-18
528	1.0338479790353392e-18
529	1.0226670749167345e-18
530	1.011624375485855e-18
531	1.0007182256439234e-18
532	9.899467292432464e-19
533	9.793080187982024e-19
534	9.688002551445312e-19
535	9.584217087192669e-19
536	9.481704384784463e-19
537	9.380447621991766e-19
538	9.280429554594792e-19
539	9.181633151845192e-19
540	9.0840416648991e-19
541	8.987638498486706e-19
542	8.892407551198868e-19
543	8.798332734684042e-19
544	8.705398161301184e-19
545	8.613588538140494e-19
546	8.522888447884747e-19
547	8.433282832528912e-19
548	8.344756849389031e-19
549	8.257295899778567e-19
550	8.170885556854942e-19
551	8.085511652119605e-19
552	8.001160242261177e-19
553	7.917817524983008e-19
554	7.835469962582223e-19
555	7.754104207515105e-19
556	7.673707106655137e-19
557	7.594265693478577e-19
558	7.515767207311896e-19
559	7.438199070046146e-19
560	7.361548887086753e-19
561	7.285804274600402e-19
562	7.21095352398454e-19
563	7.136984653501952e-19
564	7.063885982238541e-19
565	6.991645989799399e-19
566	6.920253337853365e-19
567	6.849696853976225e-19
568	6.779965530600973e-19
569	6.711048514156528e-19
570	6.642935104037112e-19
571	6.575614788613144e-19
572	6.509077133427793e-19
573	6.443313061011648e-19
574	6.378310291082054e-19
575	6.314059967447375e-19
576	6.250552296245931e-19
577	6.187777615433071e-19
578	6.125726425859106e-19
579	6.064389360362683e-19
580	6.003757139345459e-19
581	5.943820683152811e-19
582	5.884570984937537e-19
583	5.825999204689304e-19
584	5.7680966222970475e-19
585	5.710854630868578e-19
586	5.654264812357653e-19
587	5.598318691075783e-19
588	5.543008088795507e-19
589	5.488324880407801e-19
590	5.4342610580553245e-19
591	5.380808727198952e-19
592	5.327960111646841e-19
593	5.275707525670679e-19
594	5.224043475073695e-19
595	5.172960396049144e-19
596	5.122450980824396e-19
597	5.07250791525387e-19
598	5.023124125559372e-19
599	4.974292546700613e-19
600	4.926006209005888e-19
601	4.87825826846402e-19
602	4.831041937570093e-19
603	4.784350589393954e-19
604	4.738177664133258e-19
605	4.692516674435155e-19
606	4.647362540007697e-19
607	4.602706273749275e-19
608	4.558542951494092e-19
609	4.514866575741062e-19
610	4.471671030680214e-19
611	4.428950356689125e-19
612	4.386698656091606e-19
613	4.344910154788136e-19
614	4.3035791146322844e-19
615	4.2626999029140757e-19
616	4.222266948509604e-19
617	4.182274761636215e-19
618	4.1427145614234865e-19
619	4.1035877732389223e-19
620	4.0648857258646106e-19
621	4.0266032206157783e-19
622	3.988735134282243e-19
623	3.9512764105801914e-19
624	3.914222060120567e-19
625	3.877567161023343e-19
626	3.841306854827674e-19
627	3.8054363711886665e-19
628	3.76995095890588e-19
629	3.734845972997137e-19
630	3.700116776730484e-19
631	3.6657588754595974e-19
632	3.6317693319494796e-19
633	3.598140629012465e-19
634	3.564869938394876e-19
635	3.5319529445434563e-19
636	3.499385469147084e-19
637	3.467163293743097e-19
638	3.4352822753138658e-19
639	3.4037383365651966e-19
640	3.372527478401059e-19
641	3.3416457151842536e-19
642	3.3110891336414885e-19
643	3.28085386940121e-19
644	3.250936134316166e-19
645	3.221332107540849e-19
646	3.192038102494158e-19
647	3.1630504528908424e-19
648	3.1343655397731787e-19
649	3.10597979440479e-19
650	3.0778913704495984e-19
651	3.0500934601646814e-19
652	3.0225842215691264e-19
653	2.9953603458810566e-19
654	2.9684184690435053e-19
655	2.9417552890597657e-19
656	2.9153674641387128e-19
657	2.8892519534301593e-19
658	2.8634054968660527e-19
659	2.837824955391362e-19
660	2.8125072756951613e-19
661	2.787449332025306e-19
662	2.762648147432182e-19
663	2.738100747561618e-19
664	2.7138041943010267e-19
665	2.689755590564795e-19
666	2.665950165553465e-19
667	2.6423889240434917e-19
668	2.6190671536081404e-19
669	2.595982104526136e-19
670	2.5731310556440586e-19
671	2.550511323562884e-19
672	2.5281202581897257e-19
673	2.5059552440029163e-19
674	2.4840136973786204e-19
675	2.462293068386639e-19
676	2.440790839419969e-19
677	2.4195045237644393e-19
678	2.398431667609819e-19
679	2.3775698234523506e-19
680	2.356916643486348e-19
681	2.336469741731659e-19
682	2.316226788567262e-19
683	2.2961854727603065e-19
684	2.2763435225403133e-19
685	2.256698690578165e-19
686	2.2372487582545993e-19
687	2.2179915316147457e-19
688	2.198924852194688e-19
689	2.1800465807051446e-19
690	2.1613546051836267e-19
691	2.1428468448065756e-19
692	2.1245212396365023e-19
693	2.1063757573910534e-19
694	2.0884083903419258e-19
695	2.0706171558291329e-19
696	2.0530000096176986e-19
697	2.035555191189553e-19
698	2.0182807066396208e-19
699	2.0011746623570534e-19
700	1.984235198389711e-19
701	1.9674604736773662e-19
702	1.9508485631445162e-19
703	1.93439788754474e-19
704	1.9181065654731857e-19
705	1.9019728436363692e-19
706	1.8859949912329387e-19
707	1.8701712990733138e-19
708	1.854500079559106e-19
709	1.8389796639329826e-19
710	1.8236084052738152e-19
711	1.8083846739449173e-19
712	1.7933068650100678e-19
713	1.778373386163318e-19
714	1.763582669870225e-19
715	1.748933166164529e-19
716	1.7344233348200143e-19
717	1.7200516794741222e-19
718	1.7058166971573574e-19
719	1.691716910618113e-19
720	1.677750862579926e-19
721	1.6639171124923836e-19
722	1.6502142521570364e-19
723	1.6366408335299166e-19
724	1.6231954898204604e-19
725	1.6098768449393574e-19
726	1.5966835429411526e-19
727	1.583614242956293e-19
728	1.5706676193625895e-19
729	1.5578423636642677e-19
730	1.545137181450632e-19
731	1.5325507947620976e-19
732	1.5200819745564576e-19
733	1.507729404346701e-19
734	1.495491884151424e-19
735	1.483368196906168e-19
736	1.4713571369066638e-19
737	1.4594575144835906e-19
738	1.4476681537582326e-19
739	1.435987882881875e-19
740	1.4244155716666435e-19
741	1.4129500759732332e-19
742	1.4015902743069437e-19
743	1.390334930609933e-19
744	1.3791832044784726e-19
745	1.368133885219857e-19
746	1.3571859024495344e-19
747	1.3463381997535367e-19
748	1.335589731022853e-19
749	1.3249394632626684e-19
750	1.3143863755904858e-19
751	1.3039294588757759e-19
752	1.2935677157521307e-19
753	1.2833001616022646e-19
754	1.2731258195398936e-19
755	1.2630437279124097e-19
756	1.2530529344474154e-19
757	1.2431524983220552e-19
758	1.2333414909018726e-19
759	1.2236189900950085e-19
760	1.2139833454183111e-19
761	1.2044351493481374e-19
762	1.1949727659930818e-19
763	1.1855953177795845e-19
764	1.1763019367098008e-19
765	1.1670917654533115e-19
766	1.1579639558424105e-19
767	1.1489176723557744e-19
768	1.1399520810467631e-19
769	1.1310663650295487e-19
770	1.122259714244834e-19
771	1.11353132884426e-19
772	1.1048804170803692e-19
773	1.0963061969317597e-19
774	1.0878078931496713e-19
775	1.0793845990365212e-19
776	1.0710358443658967e-19
777	1.0627607429299104e-19
778	1.0545585457966912e-19
779	1.0464285269537113e-19
780	1.0383699635819447e-19
781	1.0303821423875949e-19
782	1.0224643547776353e-19
783	1.0146159030052487e-19
784	1.0068360924155856e-19
785	9.991242486524895e-20
786	9.91479690439661e-20
787	9.839017526561662e-20
788	9.763897910569412e-20
789	9.689431181359741e-20
790	9.615611055646067e-20
791	9.542431100974963e-20
792	9.46988509865147e-20
793	9.397966768022031e-20
794	9.326669915831811e-20
795	9.255988443747972e-20
796	9.185914708953174e-20
797	9.116445960739082e-20
798	9.047574680127378e-20
799	8.979295025329841e-20
800	8.911601220333025e-20
801	8.844487751134446e-20
802	8.777948572671768e-20
803	8.711978230982285e-20
804	8.64657132515875e-20
805	8.581722330643295e-20
806	8.517425841174991e-20
807	8.453676506383256e-20
808	8.390469041661248e-20
809	8.327798214208769e-20
810	8.265658850669991e-20
811	8.204045832861154e-20
812	8.142954101172576e-20
813	8.082378647522373e-20
814	8.022314518463467e-20
815	7.962756817069167e-20
816	7.90370069566516e-20
817	7.845141361585901e-20
818	7.787074056785089e-20
819	7.729494123052055e-20
820	7.67239690426263e-20
821	7.615777808780907e-20
822	7.55963229750276e-20
823	7.503955876350207e-20
824	7.448744101454434e-20
825	7.393992584115797e-20
826	7.339696959483129e-20
827	7.285852933722638e-20
828	7.232456254734248e-20
829	7.179502677811627e-20
830	7.12698808059504e-20
831	7.074908311772417e-20
832	7.023259365812149e-20
833	6.972037085747688e-20
834	6.921237537714676e-20
835	6.870856769110462e-20
836	6.820890870029821e-20
837	6.771336091083494e-20
838	6.722188366733307e-20
839	6.67344402913334e-20
840	6.625099332802446e-20
841	6.577150567502917e-20
842	6.529594083137159e-20
843	6.482426350709079e-20
844	6.435643520440402e-20
845	6.38924207202952e-20
846	6.343218694502065e-20
847	6.297569801888439e-20
848	6.252292003316223e-20
849	6.207381781476658e-20
850	6.162835818519101e-20
851	6.118650771806702e-20
852	6.074823337912453e-20
853	6.031350248536473e-20
854	5.988228265633896e-20
855	5.945454187657258e-20
856	5.903024842601686e-20
857	5.86093709708008e-20
858	5.81918781623313e-20
859	5.777773977411787e-20
860	5.736692512580863e-20
861	5.695940415550017e-20
862	5.655514704117555e-20
863	5.615412428767902e-20
864	5.575630668200446e-20
865	5.53616653767715e-20
866	5.4970171720828e-20
867	5.458179745520647e-20
868	5.419651441028429e-20
869	5.381429508142011e-20
870	5.343511190409919e-20
871	5.305893764639942e-20
872	5.268574548067958e-20
873	5.231550874768097e-20
874	5.194820105202332e-20
875	5.158379630922614e-20
876	5.122226869338978e-20
877	5.0863592607107164e-20
878	5.0507742732146973e-20
879	5.0154694024104866e-20
880	4.980442226115281e-20
881	4.9456901624892615e-20
882	4.9112108429148165e-20
883	4.8770018579572404e-20
884	4.8430608223870866e-20
885	4.8093853793953934e-20
886	4.775973187656106e-20
887	4.742821936754285e-20
888	4.709929333329847e-20
889	4.677293109042818e-20
890	4.644911019930191e-20
891	4.612780840142757e-20
892	4.580900367688773e-20
893	4.549267424634095e-20
894	4.5178798521060457e-20
895	4.486735510946665e-20
896	4.45583227806924e-20
897	4.425168071683942e-20
898	4.3947408099996965e-20
899	4.364548438638843e-20
900	4.334588921046184e-20
901	4.304860244200612e-20
902	4.275360410394543e-20
903	4.246087443884133e-20
904	4.21703938772574e-20
905	4.188214304797046e-20
906	4.1596102752113787e-20
907	4.131225399849986e-20
908	4.103057794101472e-20
909	4.075105594244897e-20
910	4.0473669587954086e-20
911	4.0198399944756347e-20
912	3.992523003915345e-20
913	3.9654141542278296e-20
914	3.938511655307142e-20
915	3.9118137605862e-20
916	3.885318710955825e-20
917	3.8590248077215495e-20
918	3.8329303066621026e-20
919	3.8070335962301333e-20
920	3.781332846663734e-20
921	3.7558265074016285e-20
922	3.7305129084091405e-20
923	3.705390423559508e-20
924	3.680457439105653e-20
925	3.655712356741798e-20
926	3.6311535942903715e-20
927	3.606779582402914e-20
928	3.582588767482749e-20
929	3.55857961186363e-20
930	3.534750589920083e-20
931	3.511100193412039e-20
932	3.4876269245682644e-20
933	3.4643293024084015e-20
934	3.441205860484245e-20
935	3.41825515895887e-20
936	3.3954757254786537e-20
937	3.372866148677049e-20
938	3.3504232102507215e-20
939	3.328149130371513e-20
940	3.3060407055853236e-20
941	3.284096478924949e-20
942	3.26231525675377e-20
943	3.240695604237649e-20
944	3.219236258926889e-20
945	3.197935748935044e-20
946	3.1767928359579216e-20
947	3.155806201893247e-20
948	3.1349746005606966e-20
949	3.114296728077342e-20
950	3.0937713248174856e-20
951	3.073397137243297e-20
952	3.0531729261641746e-20
953	3.033097459847962e-20
954	3.013169521653331e-20
955	2.993387900817518e-20
956	2.973751405748348e-20
957	2.954258848671414e-20
958	2.9349090555547495e-20
959	2.915700862755458e-20
960	2.896633116577838e-20
961	2.877704675041114e-20
962	2.858914370109922e-20
963	2.840261149289572e-20
964	2.8217438545188935e-20
965	2.803361408238555e-20
966	2.785112705432267e-20
967	2.766996665461393e-20
968	2.7490122120920234e-20
969	2.731158288975618e-20
970	2.713433844403938e-20
971	2.6958378268546074e-20
972	2.6783692169691457e-20
973	2.661026967533034e-20
974	2.6438100747877964e-20
975	2.6267175314626873e-20
976	2.6097483457716645e-20
977	2.5929015181788657e-20
978	2.5761760737012555e-20
979	2.559571042256782e-20
980	2.543085460620333e-20
981	2.5267183752617683e-20
982	2.5104688408783936e-20
983	2.494335911154381e-20
984	2.4783186755886533e-20
985	2.4624162048753495e-20
986	2.4466275862512294e-20
987	2.4309519162018026e-20
988	2.4153882926642713e-20
989	2.3999358381175415e-20
990	2.3845936701442857e-20
991	2.3693609068261156e-20
992	2.3542366898445565e-20
993	2.3392201609739095e-20
994	2.3243117331787274e-20
995	2.309508030498714e-20
996	2.2948094881019177e-20
997	2.2802152774280085e-20
998	2.265724578782967e-20
999	2.251336578836572e-20
1000	2.2370504711333348e-20
1001	2.222865455182811e-20
1002	2.2087807398020937e-20
1003	2.1947955414376602e-20
1004	2.1809090768922015e-20
1005	2.167120576392512e-20
1006	2.1534292740904395e-20
1007	2.1398344130684997e-20
1008	2.1263352404312066e-20
1009	2.112931010803021e-20
1010	2.09962098489845e-20
1011	2.0864044301500322e-20
1012	2.073280620188949e-20
1013	2.060248834636607e-20
1014	2.0473083597447356e-20
1015	2.0344584876362446e-20
1016	2.0216985165445246e-20
1017	2.0090277507326642e-20
1018	1.9964455067006935e-20
1019	1.9839510878086624e-20
1020	1.971543822845659e-20
1021	1.959223042437277e-20
1022	1.9469880737205386e-20
1023	1.934838258215349e-20
1024	1.9227729410005935e-20
1025	1.9107914730088512e-20
1026	1.8988932101013763e-20
1027	1.887077512901549e-20
1028	1.8753437486778537e-20
1029	1.8636912889971315e-20
1030	1.8521195121289973e-20
1031	1.840627800445365e-20
1032	1.829215540156133e-20
1033	1.8178821271998355e-20
1034	1.8066269586954486e-20
1035	1.7954494372078024e-20
1036	1.784348971183413e-20
1037	1.7733249742660124e-20
1038	1.762376864155392e-20
1039	1.7515040652248182e-20
1040	1.74070600222963e-20
1041	1.7299821102929792e-20
1042	1.719331825945122e-20
1043	1.7087545915607564e-20
1044	1.6982498534884095e-20
1045	1.6878170635652605e-20
1046	1.6774556931965785e-20
1047	1.66716517098873e-20
1048	1.656944977310942e-20
1049	1.6467945878326876e-20
1050	1.6367134655207138e-20
1051	1.6267010937857457e-20
1052	1.6167569551606432e-20
1053	1.6068805358851173e-20
1054	1.5970713270879497e-20
1055	1.587328824388253e-20
1056	1.5776525266348868e-20
1057	1.5680419361110975e-20
1058	1.5584965630616344e-20
1059	1.549015917627992e-20
1060	1.5395995156247337e-20
1061	1.5302468767846637e-20
1062	1.5209575279036222e-20
1063	1.51173098931448e-20
1064	1.502566796204206e-20
1065	1.493464483420524e-20
1066	1.484424332980084e-20
1067	1.4754443980569466e-20
1068	1.4665249716869823e-20
1069	1.457665604124358e-20
1070	1.448865848987514e-20
1071	1.440125263504192e-20
1072	1.4314434093969342e-20
1073	1.4228198506484725e-20
1074	1.4142541557995202e-20
1075	1.4057458931778882e-20
1076	1.397294644251568e-20
1077	1.3888999845731813e-20
1078	1.380562073244714e-20
1079	1.3722793380739004e-20
1080	1.364051947805056e-20
1081	1.3558794944114522e-20
1082	1.3477615829611312e-20
1083	1.339697792941344e-20
1084	1.331687735812202e-20
1085	1.323731016507698e-20
1086	1.3158272430582071e-20
1087	1.3079760265352299e-20
1088	1.3001769819674742e-20
1089	1.2924297263705592e-20
1090	1.2847338807785913e-20
1091	1.277089068400428e-20
1092	1.2694949158150664e-20
1093	1.2619510822367533e-20
1094	1.254457125769007e-20
1095	1.2470127422728587e-20
1096	1.239617555595925e-20
1097	1.2322712059838108e-20
1098	1.22497333772651e-20
1099	1.2177235977142666e-20
1100	1.2105216377483372e-20
1101	1.2033670911433129e-20
1102	1.1962596460934701e-20
1103	1.1891989452923471e-20
1104	1.1821846488444455e-20
1105	1.175216420813911e-20
1106	1.1682939271588387e-20
1107	1.1614168361676619e-20
1108	1.1545848196941277e-20
1109	1.1477975513126994e-20
1110	1.1410547076948483e-20
1111	1.1343559523684859e-20
1112	1.1277009978610512e-20
1113	1.1210895128784087e-20
1114	1.1145211836682006e-20
1115	1.107995699623211e-20
1116	1.101512751779769e-20
1117	1.0950720343573384e-20
1118	1.0886732433645646e-20
1119	1.0823160776105768e-20
1120	1.0760002382626885e-20
1121	1.0697254284182683e-20
1122	1.0634913538316237e-20
1123	1.057297723118802e-20
1124	1.0511442451625104e-20
1125	1.0450306328811786e-20
1126	1.0389566014759279e-20
1127	1.0329218697369664e-20
1128	1.0269261525632648e-20
1129	1.0209691743634103e-20
1130	1.0150506568024564e-20
1131	1.0091703266927367e-20
1132	1.0033279177534599e-20
1133	9.975231476461832e-21
1134	9.917557541936092e-21
1135	9.860254719347579e-21
1136	9.803320365803688e-21
1137	9.746751864627121e-21
1138	9.690546620737355e-21
1139	9.634702048468997e-21
1140	9.579215592170819e-21
1141	9.524084714851246e-21
1142	9.469306897302727e-21
1143	9.41487964015677e-21
1144	9.360800464042119e-21
1145	9.307066903558326e-21
1146	9.253676519274649e-21
1147	9.20062688272678e-21
1148	9.14791559689009e-21
1149	9.09554026910759e-21
1150	9.043498530601359e-21
1151	8.991788038051539e-21
1152	8.940406453152891e-21
1153	8.88935146235841e-21
1154	8.838620768245072e-21
1155	8.788212097058494e-21
1156	8.738123180821813e-21
1157	8.688351777522741e-21
1158	8.638895659931617e-21
1159	8.589752617458948e-21
1160	8.540920456237484e-21
1161	8.492396999847349e-21
1162	8.444180086031483e-21
1163	8.396267573359726e-21
1164	8.348657333001213e-21
1165	8.301347252029146e-21
1166	8.2543352383533e-21
1167	8.207619210390667e-21
1168	8.161197362965729e-21
1169	8.11506712949387e-21
1170	8.069226739707252e-21
1171	8.023674193560245e-21
1172	7.978407378013086e-21
1173	7.933424470090711e-21
1174	7.888723423928317e-21
1175	7.844302285211353e-21
1176	7.80015911075923e-21
1177	7.756291971837901e-21
1178	7.712698787038094e-21
1179	7.669377998485817e-21
1180	7.626327550488908e-21
1181	7.583545572926626e-21
1182	7.541030209680335e-21
1183	7.49877961784135e-21
1184	7.456791972213818e-21
1185	7.415065454012793e-21
1186	7.373598263733273e-21
1187	7.332388614514274e-21
1188	7.291434733037194e-21
1189	7.250734856130558e-21
1190	7.210287344538887e-21
1191	7.170090250237974e-21
1192	7.13014195817259e-21
1193	7.090440758859413e-21
1194	7.050984957213055e-21
1195	7.011772870932108e-21
1196	6.972802826522386e-21
1197	6.934073167730194e-21
1198	6.895582248554074e-21
1199	6.857328435497161e-21
1200	6.819310065154723e-21
1201	6.781525611001602e-21
1202	6.7439734340269625e-21
1203	6.7066519479738316e-21
1204	6.66955966217083e-21
1205	6.63269485182161e-21
1206	6.596056047466372e-21
1207	6.5596417092786096e-21
1208	6.523453228344031e-21
1209	6.487483240418658e-21
1210	6.451733168519025e-21
1211	6.416201520261416e-21
1212	6.380886799623883e-21
1213	6.345787564337958e-21
1214	6.310902343763194e-21
1215	6.276229673191074e-21
1216	6.24176812151888e-21
1217	6.20751626021547e-21
1218	6.1734726700053404e-21
1219	6.139635941967668e-21
1220	6.106004682914017e-21
1221	6.0725774998214415e-21
1222	6.0393530914935296e-21
1223	6.0063299465869994e-21
1224	5.973506782860331e-21
1225	5.940882249055032e-21
1226	5.908455011445416e-21
1227	5.876223741247521e-21
1228	5.844187121613002e-21
1229	5.812343859699735e-21
1230	5.780692647089334e-21
1231	5.749232171484985e-21
1232	5.717961223604437e-21
1233	5.686878432931391e-21
1234	5.655982589597743e-21
1235	5.625272442367164e-21
1236	5.594746749211377e-21
1237	5.5644042751788814e-21
1238	5.534243800679987e-21
1239	5.5042641052132104e-21
1240	5.474463987192452e-21
1241	5.44484224648663e-21
1242	5.415397695655893e-21
1243	5.386129156277098e-21
1244	5.357035451866541e-21
1245	5.328115428208624e-21
1246	5.299367924273637e-21
1247	5.2707917924656634e-21
1248	5.242385899400852e-21
1249	5.214149113453097e-21
1250	5.186080315084057e-21
1251	5.1581783923648884e-21
1252	5.130442237456437e-21
1253	5.102870753770447e-21
1254	5.0754628517295685e-21
1255	5.048217452324412e-21
1256	5.021133491156689e-21
1257	4.994209883453465e-21
1258	4.967445580974841e-21
1259	4.940839532638087e-21
1260	4.91439069849964e-21
1261	4.8880980402658915e-21
1262	4.8619605334429644e-21
1263	4.835977154846004e-21
1264	4.810146715971505e-21
1265	4.784468609180786e-21
1266	4.758941572786132e-21
1267	4.733564656587152e-21
1268	4.70833688159748e-21
1269	4.683257268379474e-21
1270	4.658324846317209e-21
1271	4.633538654005444e-21
1272	4.6088977345278264e-21
1273	4.5844011386399425e-21
1274	4.560047924962731e-21
1275	4.535837157640152e-21
1276	4.5117679079870265e-21
1277	4.48783925501218e-21
1278	4.464050280347154e-21
1279	4.440400081058475e-21
1280	4.4168877492360554e-21
1281	4.39351238785723e-21
1282	4.370273111439077e-21
1283	4.347169035308632e-21
1284	4.324199281471024e-21
1285	4.301362984246558e-21
1286	4.27865927125419e-21
1287	4.256087289260435e-21
1288	4.233646185061402e-21
1289	4.211335112841037e-21
1290	4.1891532329499306e-21
1291	4.16709971086903e-21
1292	4.1451737187206814e-21
1293	4.1233744340413286e-21
1294	4.1017010405774675e-21
1295	4.080152727042362e-21
1296	4.05872869170942e-21
1297	4.037428132482599e-21
1298	4.016250266471609e-21
1299	3.995194285502696e-21
1300	3.974259419284842e-21
1301	3.953444889212098e-21
1302	3.932749925078942e-21
1303	3.912173760672091e-21
1304	3.891715636761429e-21
1305	3.871374797030454e-21
1306	3.8511505182668635e-21
1307	3.831042004950421e-21
1308	3.8110485435192956e-21
1309	3.791169400716701e-21
1310	3.771403846896646e-21
1311	3.7517511601186755e-21
1312	3.732210619380494e-21
1313	3.712781514394318e-21
1314	3.693461319098098e-21
1315	3.674252969207573e-21
1316	3.65515394451807e-21
1317	3.6361635416623516e-21
1318	3.61728109070776e-21
1319	3.598505895838057e-21
1320	3.57983728155245e-21
1321	3.5612745722860434e-21
1322	3.542817098677682e-21
1323	3.524464195456954e-21
1324	3.506215202073269e-21
1325	3.488069464249632e-21
1326	3.470026331116941e-21
1327	3.452085107015452e-21
1328	3.434245246914302e-21
1329	3.416506066283884e-21
1330	3.3988669313763824e-21
1331	3.381327212591324e-21
1332	3.363886286885902e-21
1333	3.3465435511893972e-21
1334	3.329298356313809e-21
1335	3.3121501065328633e-21
1336	3.295098197109445e-21
1337	3.2781420235894206e-21
1338	3.2612809812919166e-21
1339	3.244514490085776e-21
1340	3.227841951695347e-21
1341	3.2112627799865266e-21
1342	3.1947763937857977e-21
1343	3.178382214413283e-21
1344	3.162079671531939e-21
1345	3.1458681872533313e-21
1346	3.1297471956200018e-21
1347	3.1137161420339216e-21
1348	3.097774465487257e-21
1349	3.0819216091455287e-21
1350	3.066157024072401e-21
1351	3.0504801622622097e-21
1352	3.0348904816551394e-21
1353	3.019387469349774e-21
1354	3.00397053494778e-21
1355	2.988639174100568e-21
1356	2.973392858652105e-21
1357	2.9582310632805702e-21
1358	2.943153268397568e-21
1359	2.9281589554542978e-21
1360	2.913246840972064e-21
1361	2.898417956824607e-21
1362	2.883671022854788e-21
1363	2.869005535713377e-21
1364	2.8544209964587698e-21
1365	2.8399169106660774e-21
1366	2.825492779319571e-21
1367	2.8111481156442343e-21
1368	2.7968824425715233e-21
1369	2.7826952570072818e-21
1370	2.7685860910503144e-21
1371	2.754554465090884e-21
1372	2.7405999088632482e-21
1373	2.726721949533404e-21
1374	2.712920120900967e-21
1375	2.699193960672944e-21
1376	2.6855430067036522e-21
1377	2.6719668019409378e-21
1378	2.658464891957626e-21
1379	2.6450368258954955e-21
1380	2.631682145610132e-21
1381	2.618400424443216e-21
1382	2.6051912119848955e-21
1383	2.5920540681561824e-21
1384	2.5789885558349122e-21
1385	2.5659939713427756e-21
1386	2.5530704302087698e-21
1387	2.5402172288627123e-21
1388	2.5274339441715836e-21
1389	2.5147201548091246e-21
1390	2.502075441847001e-21
1391	2.489499389133723e-21
1392	2.47699158378593e-21
1393	2.4645516155908726e-21
1394	2.452179075982198e-21
1395	2.439873560044708e-21
1396	2.4276346662029007e-21
1397	2.415461992141398e-21
1398	2.4033551457187218e-21
1399	2.3913137305794225e-21
1400	2.3793373547362383e-21
1401	2.3674256295080176e-21
1402	2.3555781687888144e-21
1403	2.3437946010809593e-21
1404	2.3320745193121506e-21
1405	2.3204175594946775e-21
1406	2.308823342199519e-21
1407	2.2972914967472216e-21
1408	2.2858216511303257e-21
1409	2.2744134363336647e-21
1410	2.2630664862101856e-21
1411	2.251780436911632e-21
1412	2.240554927743864e-21
1413	2.2293895985611443e-21
1414	2.2182840934977548e-21
1415	2.2072380580843325e-21
1416	2.1962511408676392e-21
1417	2.185322991380146e-21
1418	2.174453263446466e-21
1419	2.1636416115329623e-21
1420	2.1528876931356218e-21
1421	2.1421911683684943e-21
1422	2.1315516975441638e-21
1423	2.120968945533273e-21
1424	2.1104425669005644e-21
1425	2.0999722542852985e-21
1426	2.0895576652383762e-21
1427	2.0791984740032052e-21
1428	2.0688943544314412e-21
1429	2.05864498474886e-21
1430	2.0484499170873607e-21
1431	2.038309085264185e-21
1432	2.0282220463786977e-21
1433	2.018188486629653e-21
1434	2.008208092269872e-21
1435	1.998280554238181e-21
1436	1.9884055634594774e-21
1437	1.9785828138536e-21
1438	1.9688120004803888e-21
1439	1.9590928208612906e-21
1440	1.949424974030241e-21
1441	1.9398081637594435e-21
1442	1.9302420916073396e-21
1443	1.920726464282879e-21
1444	1.9112609880115314e-21
1445	1.901845372666004e-21
1446	1.8924793278837303e-21
1447	1.8831625687933535e-21
1448	1.873894808735258e-21
1449	1.8646757674279072e-21
1450	1.8555051582128757e-21
1451	1.8463827038669953e-21
1452	1.837308126841369e-21
1453	1.8282811499110543e-21
1454	1.8193014494913677e-21
1455	1.810368854113546e-21
1456	1.8014825967006674e-21
1457	1.7926433209564137e-21
1458	1.7838502726455363e-21
1459	1.7751032057623243e-21
1460	1.7664018568085903e-21
1461	1.7577459628836408e-21
1462	1.7491352635483572e-21
1463	1.7405695003617994e-21
1464	1.7320484159882757e-21
1465	1.7235717544150145e-21
1466	1.7151392625086383e-21
1467	1.706750687331158e-21
1468	1.6984057785536403e-21
1469	1.6901042870858792e-21
1470	1.6818459651570765e-21
1471	1.6736305671785174e-21
1472	1.6654578482496217e-21
1473	1.6573275660873828e-21
1474	1.6492394796742341e-21
1475	1.6411933486547436e-21
1476	1.6331889353648471e-21
1477	1.6252260024625855e-21
1478	1.6173043211415314e-21
1479	1.6094242814682238e-21
1480	1.6015843835783924e-21
1481	1.5937850340291603e-21
1482	1.5860260039690163e-21
1483	1.578307066080689e-21
1484	1.5706279934003295e-21
1485	1.562988560592221e-21
1486	1.555388544458717e-21
1487	1.5478277231145254e-21
1488	1.5403058755313884e-21
1489	1.5328227817577293e-21
1490	1.5253782246069042e-21
1491	1.5179719872463367e-21
1492	1.5106038541742813e-21
1493	1.5032736113795564e-21
1494	1.4959810463599975e-21
1495	1.4887259482924322e-21
1496	1.481508106651252e-21
1497	1.4743273131222972e-21
1498	1.4671833595623966e-21
1499	1.4600760402929208e-21
1500	1.4530051512094723e-21
1501	1.4459704886354564e-21
1502	1.4389718500645396e-21
1503	1.432009035044402e-21
1504	1.4250818425400227e-21
1505	1.418190075554511e-21
1506	1.4113335354651923e-21
1507	1.4045120273531586e-21
1508	1.3977253562619276e-21
1509	1.3909733280800623e-21
1510	1.3842557504621872e-21
1511	1.3775724319331689e-21
1512	1.370923194359106e-21
1513	1.3643078260305089e-21
1514	1.3577261510111711e-21
1515	1.3511779823690303e-21
1516	1.3446631339486324e-21
1517	1.3381814223829815e-21
1518	1.331732664200228e-21
1519	1.325316677344019e-21
1520	1.3189332828182605e-21
1521	1.3125822967941492e-21
1522	1.3062635431802612e-21
1523	1.2999768442161998e-21
1524	1.2937220227059304e-21
1525	1.2874989035437314e-21
1526	1.281307312834868e-21
1527	1.2751470764457057e-21
1528	1.2690180229358502e-21
1529	1.262919980775327e-21
1530	1.2568527796376985e-21
1531	1.2508162508266195e-21
1532	1.2448102255845632e-21
1533	1.2388345370665287e-21
1534	1.2328890192810796e-21
1535	1.2269735072374913e-21
1536	1.2210878370625714e-21
1537	1.2152318450261385e-21
1538	1.2094053723286939e-21
1539	1.2036082525108003e-21
1540	1.1978403018072316e-21
1541	1.1921014133239247e-21
1542	1.1863914023043305e-21
1543	1.180710112364509e-21
1544	1.1750573869073588e-21
1545	1.1694330700607949e-21
1546	1.1638370075424103e-21
1547	1.1582690461782399e-21
1548	1.1527290335102818e-21
1549	1.1472168173506553e-21
1550	1.141732247092908e-21
1551	1.1362751730513862e-21
1552	1.1308454458746259e-21
1553	1.1254429180711824e-21
1554	1.1200674361814705e-21
1555	1.1147188657273816e-21
1556	1.1093970553372261e-21
1557	1.1041018606763708e-21
1558	1.0988331375377066e-21
1559	1.0935907434971239e-21
1560	1.0883745363548708e-21
1561	1.0831843749718032e-21
1562	1.078020119232571e-21
1563	1.0728816292909874e-21
1564	1.0677687665179293e-21
1565	1.0626813935015804e-21
1566	1.0576193721833759e-21
1567	1.0525825675103926e-21
1568	1.0475708614708991e-21
1569	1.0425840835562333e-21
1570	1.0376221182301902e-21
1571	1.0326848318228742e-21
1572	1.0277720923542277e-21
1573	1.0228837686796333e-21
1574	1.0180197292299909e-21
1575	1.0131798420453843e-21
1576	1.0083639827529987e-21
1577	1.0035720210554045e-21
1578	9.988038292981578e-22
1579	9.940592796792548e-22
1580	9.893382468581311e-22
1581	9.846406049591368e-22
1582	9.79966229572916e-22
1583	9.753149962632158e-22
1584	9.706867821083373e-22
1585	9.660814654793236e-22
1586	9.614989224650326e-22
1587	9.569390332910492e-22
1588	9.524016772647576e-22
1589	9.478867346738122e-22
1590	9.433940867762321e-22
1591	9.389236148188392e-22
1592	9.344752012309525e-22
1593	9.300487294481426e-22
1594	9.256440829632957e-22
1595	9.212611561815894e-22
1596	9.168998139470398e-22
1597	9.125599520749023e-22
1598	9.082414576950667e-22
1599	9.039442167614998e-22
1600	8.996681171596735e-22
1601	8.954130475866545e-22
1602	8.911788972669616e-22
1603	8.869655554682496e-22
1604	8.827729120651407e-22
1605	8.786008583178605e-22
1606	8.744492861185826e-22
1607	8.703181764418172e-22
1608	8.66207243301074e-22
1609	8.621164692570245e-22
1610	8.580457483558472e-22
1611	8.539949758527522e-22
1612	8.499640466584662e-22
1613	8.459528559965371e-22
1614	8.419613010761786e-22
1615	8.379892780813441e-22
1616	8.340366851035257e-22
1617	8.301034203838653e-22
1618	8.261893822793142e-22
1619	8.222944700471325e-22
1620	8.184185836943571e-22
1621	8.145616238151888e-22
1622	8.107234913739458e-22
1623	8.069040875307945e-22
1624	8.031033146850631e-22
1625	7.993210758005104e-22
1626	7.9555727364711365e-22
1627	7.9181181223593575e-22
1628	7.880845961553801e-22
1629	7.843755294405594e-22
1630	7.806845183085809e-22
1631	7.770114679645034e-22
1632	7.733562857439068e-22
1633	7.697188778339087e-22
1634	7.660991521703398e-22
1635	7.624970168803327e-22
1636	7.589123800775644e-22
1637	7.553451513239176e-22
1638	7.517952397597603e-22
1639	7.482625561069099e-22
1640	7.447470099574868e-22
1641	7.412485133570101e-22
1642	7.377669772683316e-22
1643	7.343023140012669e-22
1644	7.308544377595771e-22
1645	7.274232581163685e-22
1646	7.240086906670406e-22
1647	7.2061048446520805e-22
1648	7.172288839475638e-22
1649	7.138636387719348e-22
1650	7.1051466469984915e-22
1651	7.071818773710508e-22
1652	7.038651932822215e-22
1653	7.005645292811289e-22
1654	6.9727980283033105e-22
1655	6.940109315794989e-22
1656	6.907578340149108e-22
1657	6.875204284498714e-22
1658	6.842986341684266e-22
1659	6.810923707851756e-22
1660	6.779015584099235e-22
1661	6.747261173214139e-22
1662	6.715659683976897e-22
1663	6.684210338127384e-22
1664	6.652912340126624e-22
1665	6.621764923347167e-22
1666	6.590767306965132e-22
1667	6.559918728278961e-22
1668	6.52921841684465e-22
1669	6.498665616568344e-22
1670	6.46825956435112e-22
1671	6.437999513738546e-22
1672	6.407884716507802e-22
1673	6.37791442368166e-22
1674	6.34808790110405e-22
1675	6.318403880860303e-22
1676	6.288862688290365e-22
1677	6.259463065691152e-22
1678	6.230204288099085e-22
1679	6.201085641323785e-22
1680	6.17210640219355e-22
1681	6.143265865988959e-22
1682	6.114563318839055e-22
1683	6.085998059829537e-22
1684	6.05756938480991e-22
1685	6.029276603301874e-22
1686	6.001119015465053e-22
1687	5.97309593376993e-22
1688	5.945206676968516e-22
1689	5.917450558481539e-22
1690	5.88982690847406e-22
1691	5.862335041909733e-22
1692	5.834974292632902e-22
1693	5.807743994484386e-22
1694	5.780643486167144e-22
1695	5.753672105360378e-22
1696	5.726829196766822e-22
1697	5.700114104149663e-22
1698	5.673526184415198e-22
1699	5.647064788444658e-22
1700	5.620729290383476e-22
1701	5.594519023464837e-22
1702	5.568433366140578e-22
1703	5.54247168705958e-22
1704	5.516633358852015e-22
1705	5.490917752129417e-22
1706	5.4653242510391005e-22
1707	5.439852244586115e-22
1708	5.414501137384764e-22
1709	5.389270251776394e-22
1710	5.364159017803816e-22
1711	5.33916683106563e-22
1712	5.314293087409231e-22
1713	5.28953719161453e-22
1714	5.264898547665959e-22
1715	5.240376614995773e-22
1716	5.215970707762041e-22
1717	5.19168028333147e-22
1718	5.167504757054022e-22
1719	5.143443554978266e-22
1720	5.119496102013165e-22
1721	5.095661822220649e-22
1722	5.071940146133181e-22
1723	5.048331009352608e-22
1724	5.024832844727871e-22
1725	5.001445617028356e-22
1726	4.978168718731235e-22
1727	4.955001621690793e-22
1728	4.931943671515015e-22
1729	4.908994521561293e-22
1730	4.886153525574791e-22
1731	4.863420140433637e-22
1732	4.840793841912362e-22
1733	4.818274060744412e-22
1734	4.795860277261385e-22
1735	4.773551959822805e-22
1736	4.751348580267336e-22
1737	4.7292496132100465e-22
1738	4.707254532491694e-22
1739	4.685362824344006e-22
1740	4.66357396375619e-22
1741	4.641887443701519e-22
1742	4.620302759859558e-22
1743	4.598819376685271e-22
1744	4.577436802622904e-22
1745	4.556154546868487e-22
1746	4.534972078443112e-22
1747	4.513888914187648e-22
1748	4.49290455907911e-22
1749	4.472018518589909e-22
1750	4.451230302970505e-22
1751	4.430539423530589e-22
1752	4.409945398644014e-22
1753	4.389447738959872e-22
1754	4.36904601677294e-22
1755	4.348739652412319e-22
1756	4.328528223491849e-22
1757	4.308411256239235e-22
1758	4.28838828128106e-22
1759	4.268458828663209e-22
1760	4.248622434460983e-22
1761	4.228878636318686e-22
1762	4.209226973221579e-22
1763	4.189666985696522e-22
1764	4.170198220768767e-22
1765	4.150820226710874e-22
1766	4.1315325466741727e-22
1767	4.112334737012442e-22
1768	4.09322635256853e-22
1769	4.0742069459296214e-22
1770	4.0552760774634053e-22
1771	4.0364333098429284e-22
1772	4.0176782050002495e-22
1773	3.9990103278949256e-22
1774	3.9804292468284667e-22
1775	3.9619345333958977e-22
1776	3.9435257579572243e-22
1777	3.9252024959225816e-22
1778	3.9069643257850014e-22
1779	3.8888108249995973e-22
1780	3.870741574702932e-22
1781	3.8527561597626254e-22
1782	3.8348541628366224e-22
1783	3.8170351772932404e-22
1784	3.799298788262784e-22
1785	3.7816445927841744e-22
1786	3.7640721805797206e-22
1787	3.7465811514393165e-22
1788	3.729171101456476e-22
1789	3.7118416328320535e-22
1790	3.694592349626983e-22
1791	3.677422852391587e-22
1792	3.6603327550397603e-22
1793	3.643321659429271e-22
1794	3.626389181477862e-22
1795	3.609534933691734e-22
1796	3.5927585298303504e-22
1797	3.5760596227340745e-22
1798	3.5594377608826323e-22
1799	3.542892599682013e-22
1800	3.526423764889676e-22
1801	3.510030881028761e-22
1802	3.4937135737707727e-22
1803	3.4774714730046725e-22
1804	3.4613042102491416e-22
1805	3.445211415227124e-22
1806	3.4291927275074664e-22
1807	3.4132477809709463e-22
1808	3.3973762154743225e-22
1809	3.38157767178809e-22
1810	3.36585178867128e-22
1811	3.350198215098845e-22
1812	3.3346165959995347e-22
1813	3.3191065776240944e-22
1814	3.303667810220078e-22
1815	3.2882999488427284e-22
1816	3.273002639300836e-22
1817	3.25777554461845e-22
1818	3.2426183184613975e-22
1819	3.2275306195674373e-22
1820	3.2125121329082286e-22
1821	3.1975624729860517e-22
1822	3.182681328344614e-22
1823	3.167868363080165e-22
1824	3.1531232463012373e-22
1825	3.138445646264627e-22
1826	3.1238352361653415e-22
1827	3.109291686719815e-22
1828	3.09481467301572e-22
1829	3.080403870789559e-22
1830	3.066058958577621e-22
1831	3.051779615949696e-22
1832	3.037565523278773e-22
1833	3.023416363880248e-22
1834	3.0093318211857357e-22
1835	2.995311584396694e-22
1836	2.981355338513698e-22
1837	2.96746277288869e-22
1838	2.9536335786246897e-22
1839	2.939867449576868e-22
1840	2.926164077427302e-22
1841	2.9125231605514725e-22
1842	2.8989443966587623e-22
1843	2.8854277618610075e-22
1844	2.8719723967223514e-22
1845	2.8585782858340935e-22
1846	2.84524512942143e-22
1847	2.83197263616036e-22
1848	2.8187605099811527e-22
1849	2.8056084597918957e-22
1850	2.7925162199920336e-22
1851	2.7794838570222157e-22
1852	2.766510298745015e-22
1853	2.7535956641597848e-22
1854	2.7407396680417746e-22
1855	2.7279420298582336e-22
1856	2.715202465566173e-22
1857	2.7025206945837985e-22
1858	2.689896441981949e-22
1859	2.6773294265804428e-22
1860	2.664819375411192e-22
1861	2.65236601384679e-22
1862	2.6399690679205537e-22
1863	2.6276282660161813e-22
1864	2.615343339416413e-22
1865	2.6031140191697885e-22
1866	2.5909400367717015e-22
1867	2.5788211268454654e-22
1868	2.566757025196324e-22
1869	2.554747467641278e-22
1870	2.54279219561554e-22
1871	2.530890944414326e-22
1872	2.519043457185848e-22
1873	2.507249475544518e-22
1874	2.495508741721713e-22
1875	2.4838210026775294e-22
1876	2.472186005262745e-22
1877	2.460603486917025e-22
1878	2.449073213410923e-22
1879	2.437594923963625e-22
1880	2.4261683741726457e-22
1881	2.4147933135551515e-22
1882	2.4034694973299886e-22
1883	2.392196680364885e-22
1884	2.380974619412688e-22
1885	2.369803071148573e-22
1886	2.358681796726186e-22
1887	2.3476105535827853e-22
1888	2.336589104483779e-22
1889	2.3256172097303536e-22
1890	2.31469463739153e-22
1891	2.303821150054885e-22
1892	2.2929965146947444e-22
1893	2.282220496270589e-22
1894	2.271492866624532e-22
1895	2.2608133931783984e-22
1896	2.250181848820091e-22
1897	2.239598003074786e-22
1898	2.2290616308651233e-22
1899	2.218572507596619e-22
1900	2.2081304080217205e-22
1901	2.197735108618858e-22
1902	2.1873863872960123e-22
1903	2.1770840230302315e-22
1904	2.1668277976948106e-22
1905	2.1566174907920164e-22
1906	2.146452884582009e-22
1907	2.1363337637777156e-22
1908	2.1262599119702024e-22
1909	2.1162311161823026e-22
1910	2.106247160934314e-22
1911	2.0963078367224614e-22
1912	2.0864129304058698e-22
1913	2.0765622470175317e-22
1914	2.0667555508263282e-22
1915	2.0569926462333913e-22
1916	2.047273327927995e-22
1917	2.0375973881834414e-22
1918	2.0279646247417394e-22
1919	2.0183748333268764e-22
1920	2.008827809620267e-22
1921	1.9993233547947802e-22
1922	1.9898612669952447e-22
1923	1.9804413453264494e-22
1924	1.971063394698992e-22
1925	1.9617272150523633e-22
1926	1.9524326101681673e-22
1927	1.9431794305991512e-22
1928	1.9339673906062393e-22
1929	1.9247963428234724e-22
1930	1.915666095066233e-22
1931	1.906576454502039e-22
1932	1.8975272322071736e-22
1933	1.8885182360156634e-22
1934	1.8795492797491887e-22
1935	1.870620175601855e-22
1936	1.8617307357082686e-22
1937	1.8528807749584004e-22
1938	1.8440701087129527e-22
1939	1.8352985530476696e-22
1940	1.826565924732879e-22
1941	1.8178721559847203e-22
1942	1.8092168363299702e-22
1943	1.8005999027162807e-22
1944	1.7920211725313208e-22
1945	1.7834804692753512e-22
1946	1.7749776123306874e-22
1947	1.7665124305321715e-22
1948	1.7580847467456073e-22
1949	1.7496943836615541e-22
1950	1.741341168652931e-22
1951	1.733024928858226e-22
1952	1.7247454922524436e-22
1953	1.7165026872998684e-22
1954	1.708296343673233e-22
1955	1.7001262915885408e-22
1956	1.691992363821015e-22
1957	1.6838943903371404e-22
1958	1.6758322045101677e-22
1959	1.667805640749417e-22
1960	1.6598145340864305e-22
1961	1.651858719212034e-22
1962	1.6439380326796472e-22
1963	1.6360523117849388e-22
1964	1.6282013963409576e-22
1965	1.6203851218337135e-22
1966	1.612603330604049e-22
1967	1.60485586070272e-22
1968	1.5971425531975216e-22
1969	1.5894632533695819e-22
1970	1.5818178016868674e-22
1971	1.5742060401137622e-22
1972	1.5666278182212066e-22
1973	1.5590829758003873e-22
1974	1.5515713619203544e-22
1975	1.544092822177119e-22
1976	1.5366472029931253e-22
1977	1.529234354615654e-22
1978	1.521854124541458e-22
1979	1.5145063643163564e-22
1980	1.5071909221247448e-22
1981	1.4999076519018516e-22
1982	1.4926564025762199e-22
1983	1.485437028270178e-22
1984	1.478249384055438e-22
1985	1.4710933207778798e-22
1986	1.4639686957418018e-22
1987	1.4568753645442343e-22
1988	1.4498131831731376e-22
1989	1.4427820082588841e-22
1990	1.4357816987739843e-22
1991	1.428812112047896e-22
1992	1.4218731049426385e-22
1993	1.4149645490330757e-22
1994	1.4080862888838077e-22
1995	1.4012381942263785e-22
1996	1.394420125662748e-22
1997	1.3876319449872824e-22
1998	1.3808735171155282e-22
1999	1.3741446768721124e-22
2000	1.3674453464954326e-22