2.000000000000000000e+00 -3.451687296340950665e-07
3.000000000000000000e+00 -4.085460572235037574e-07
4.000000000000000000e+00 -4.609915576858989951e-07
5.000000000000000000e+00 -5.037313267003130408e-07
6.000000000000000000e+00 -5.379874489891339166e-07
7.000000000000000000e+00 -5.654502563910828408e-07
8.000000000000000000e+00 -5.870661820595970223e-07
9.000000000000000000e+00 -6.037563090130597187e-07
1.000000000000000000e+01 -6.162859880293631646e-07
1.100000000000000000e+01 -6.251368170173095344e-07
1.200000000000000000e+01 -6.307727162273703065e-07
1.300000000000000000e+01 -6.337226704517918465e-07
1.400000000000000000e+01 -6.344735724743160869e-07
1.500000000000000000e+01 -6.333953172009490377e-07
1.600000000000000000e+01 -6.307376117178689045e-07
1.700000000000000000e+01 -6.266695549219026752e-07
1.800000000000000000e+01 -6.213390138372103795e-07
1.900000000000000000e+01 -6.149167881910887784e-07
2.000000000000000000e+01 -6.075997677315460563e-07
2.100000000000000000e+01 -5.995830844506340117e-07
2.200000000000000000e+01 -5.910313450190404811e-07
2.300000000000000000e+01 -5.820683215290540998e-07
2.400000000000000000e+01 -5.727839044817674570e-07
2.500000000000000000e+01 -5.632471746451496160e-07
2.600000000000000000e+01 -5.535169411516732304e-07
2.700000000000000000e+01 -5.436474217291582966e-07
2.800000000000000000e+01 -5.336904120816291165e-07
2.900000000000000000e+01 -5.236956103884891412e-07
3.000000000000000000e+01 -5.137098848036403113e-07
3.100000000000000000e+01 -5.037758397586511695e-07
3.200000000000000000e+01 -4.939302112193505646e-07
3.300000000000000000e+01 -4.842028193736046502e-07
3.400000000000000000e+01 -4.746166150866694175e-07
3.500000000000000000e+01 -4.651888374602802066e-07
3.600000000000000000e+01 -4.559327909359004045e-07
3.700000000000000000e+01 -4.468595370479813266e-07
3.800000000000000000e+01 -4.379789399701055351e-07
3.900000000000000000e+01 -4.292998689705106677e-07
4.000000000000000000e+01 -4.208297354439452492e-07
4.100000000000000000e+01 -4.125737671337681026e-07
4.200000000000000000e+01 -4.045344431185805430e-07
4.300000000000000000e+01 -3.967113719065469714e-07
4.400000000000000000e+01 -3.891016831544307564e-07
4.500000000000000000e+01 -3.817008125163975182e-07
4.600000000000000000e+01 -3.745034474934358492e-07
4.700000000000000000e+01 -3.675043859080242959e-07
4.800000000000000000e+01 -3.606991193050666726e-07
4.900000000000000000e+01 -3.540840547373968606e-07
5.000000000000000000e+01 -3.476563920754349202e-07
5.100000000000000000e+01 -3.414137520484905082e-07
5.200000000000000000e+01 -3.353536890747488410e-07
5.300000000000000000e+01 -3.294732226442027946e-07
5.400000000000000000e+01 -3.237684911647064819e-07
5.500000000000000000e+01 -3.182345866430929015e-07
5.600000000000000000e+01 -3.128655809753510560e-07
5.700000000000000000e+01 -3.076547153282239266e-07
5.800000000000000000e+01 -3.025946989262284702e-07
5.900000000000000000e+01 -2.976780539048842197e-07
6.000000000000000000e+01 -2.928974467427831319e-07
6.100000000000000000e+01 -2.882459601259628118e-07
6.200000000000000000e+01 -2.837172772586983387e-07
6.300000000000000000e+01 -2.793057693460202470e-07
6.400000000000000000e+01 -2.750064930146499205e-07
6.500000000000000000e+01 -2.708151158962159686e-07
6.600000000000000000e+01 -2.667277948087196867e-07
6.700000000000000000e+01 -2.627410322813990824e-07
6.800000000000000000e+01 -2.588515345785826077e-07
6.900000000000000000e+01 -2.550560892117086420e-07
7.000000000000000000e+01 -2.513514735347874668e-07
7.100000000000000000e+01 -2.477343995668082745e-07
7.200000000000000000e+01 -2.442014945466628842e-07
7.300000000000000000e+01 -2.407493124363667849e-07
7.400000000000000000e+01 -2.373743688639069852e-07
7.500000000000000000e+01 -2.340731907966934172e-07
7.600000000000000000e+01 -2.308423723371131270e-07
7.700000000000000000e+01 -2.276786291065528944e-07
7.800000000000000000e+01 -2.245788453727568156e-07
7.900000000000000000e+01 -2.215401100363029181e-07
8.000000000000000000e+01 -2.185597395394587926e-07
8.100000000000000000e+01 -2.156352874829999385e-07
8.200000000000000000e+01 -2.127645421008490059e-07
8.300000000000000000e+01 -2.099455136885776465e-07
8.400000000000000000e+01 -2.071764146100529492e-07
8.500000000000000000e+01 -2.044556346611919966e-07
8.600000000000000000e+01 -2.017817144231476385e-07
8.700000000000000000e+01 -1.991533188743864986e-07
8.800000000000000000e+01 -1.965692130378777747e-07
8.900000000000000000e+01 -1.940282408935342810e-07
9.000000000000000000e+01 -1.915293082508218077e-07
9.100000000000000000e+01 -1.890713697990923925e-07
9.200000000000000000e+01 -1.866534201638159722e-07
9.300000000000000000e+01 -1.842744885100503087e-07
9.400000000000000000e+01 -1.819336360518458241e-07
9.500000000000000000e+01 -1.796299557396210665e-07
9.600000000000000000e+01 -1.773625733920696981e-07
9.700000000000000000e+01 -1.751306495964494256e-07
9.800000000000000000e+01 -1.729333818016660841e-07
9.900000000000000000e+01 -1.707700061538605522e-07
1.000000000000000000e+02 -1.686397987579436250e-07
1.100000000000000000e+02 -1.490300302800339708e-07
1.200000000000000000e+02 -1.321828405834040424e-07
1.300000000000000000e+02 -1.177525364693861069e-07
1.400000000000000000e+02 -1.054326017860565115e-07
1.500000000000000000e+02 -9.491261836783442186e-08
1.600000000000000000e+02 -8.589556405726572405e-08
1.700000000000000000e+02 -7.812427136234930852e-08
1.800000000000000000e+02 -7.137670304100748461e-08
1.900000000000000000e+02 -6.546230852226518899e-08
2.000000000000000000e+02 -6.023100367384949359e-08
2.100000000000000000e+02 -5.557310300273314418e-08
2.200000000000000000e+02 -5.140603244432855041e-08
2.300000000000000000e+02 -4.766219544170250875e-08
2.400000000000000000e+02 -4.428531653727383619e-08
2.500000000000000000e+02 -4.123054544854714190e-08
2.600000000000000000e+02 -3.846259780978923840e-08
2.700000000000000000e+02 -3.595170783384972563e-08
2.800000000000000000e+02 -3.367030603549739853e-08
2.900000000000000000e+02 -3.159217252975090035e-08
3.000000000000000000e+02 -2.969339879060593941e-08
3.100000000000000000e+02 -2.795347142760569077e-08
3.200000000000000000e+02 -2.635540400893361331e-08
3.300000000000000000e+02 -2.488495075194879534e-08
3.400000000000000000e+02 -2.352956522393261149e-08
3.500000000000000000e+02 -2.227771097726017951e-08
3.600000000000000000e+02 -2.111871516937287740e-08
3.700000000000000000e+02 -2.004298068257115396e-08
3.800000000000000000e+02 -1.904223778097696589e-08
3.900000000000000000e+02 -1.810960261657528376e-08
4.000000000000000000e+02 -1.723938725320160413e-08
4.100000000000000000e+02 -1.642675142783869961e-08
4.200000000000000000e+02 -1.566734192287253860e-08
4.300000000000000000e+02 -1.495703767525461401e-08
4.400000000000000000e+02 -1.429184860754171955e-08
4.500000000000000000e+02 -1.366794715973480331e-08
4.600000000000000000e+02 -1.308177060518100170e-08
4.700000000000000000e+02 -1.253012573181149104e-08
4.800000000000000000e+02 -1.201024663568724230e-08
4.900000000000000000e+02 -1.151978641357636286e-08
5.000000000000000000e+02 -1.105675106366266814e-08
5.100000000000000000e+02 -1.061940090248700395e-08
5.200000000000000000e+02 -1.020614928058503885e-08
5.300000000000000000e+02 -9.815482792125299056e-09
5.400000000000000000e+02 -9.445916129914605095e-09
5.500000000000000000e+02 -9.095982903144231329e-09
