2.000000000000000000e+00 8.663635696300756020e-09
3.000000000000000000e+00 2.644902568470647178e-09
4.000000000000000000e+00 1.097565601425149280e-09
5.000000000000000000e+00 5.441815931390993739e-10
6.000000000000000000e+00 3.027976399517152044e-10
7.000000000000000000e+00 1.826504350245021590e-10
8.000000000000000000e+00 1.170171552070515203e-10
9.000000000000000000e+00 7.859660986244078165e-11
1.000000000000000000e+01 5.484672743150223760e-11
1.100000000000000000e+01 3.948990073614046607e-11
1.200000000000000000e+01 2.917665468721659649e-11
1.300000000000000000e+01 2.202720058161825029e-11
1.400000000000000000e+01 1.693880906448511600e-11
1.500000000000000000e+01 1.323693245168540879e-11
1.600000000000000000e+01 1.049245965878381366e-11
1.700000000000000000e+01 8.423203815340636042e-12
1.800000000000000000e+01 6.838921262274844937e-12
1.900000000000000000e+01 5.608973595163025964e-12
2.000000000000000000e+01 4.642172616655667846e-12
2.100000000000000000e+01 3.873745204053634724e-12
2.200000000000000000e+01 3.256834516306472474e-12
2.300000000000000000e+01 2.756978593838587921e-12
2.400000000000000000e+01 2.348495797070006251e-12
2.500000000000000000e+01 2.012050520030678133e-12
2.600000000000000000e+01 1.732949834848826268e-12
2.700000000000000000e+01 1.499917123460670286e-12
2.800000000000000000e+01 1.304201068235197247e-12
2.900000000000000000e+01 1.138931679421686727e-12
3.000000000000000000e+01 9.986584906911782303e-13
3.100000000000000000e+01 8.790193793398134511e-13
3.200000000000000000e+01 7.764999928251652935e-13
3.300000000000000000e+01 6.882548084516252799e-13
3.400000000000000000e+01 6.119703721111167259e-13
3.500000000000000000e+01 5.457583788473437111e-13
3.600000000000000000e+01 4.880709218823879653e-13
3.700000000000000000e+01 4.376329705346861675e-13
3.800000000000000000e+01 3.933886201208459923e-13
3.900000000000000000e+01 3.544584548037400329e-13
4.000000000000000000e+01 3.201058446389224055e-13
4.100000000000000000e+01 2.897103529233644630e-13
4.200000000000000000e+01 2.627467375025165305e-13
4.300000000000000000e+01 2.387683098358701961e-13
4.400000000000000000e+01 2.173936663766148982e-13
4.500000000000000000e+01 1.982960226696053514e-13
4.600000000000000000e+01 1.811945590841247093e-13
4.700000000000000000e+01 1.658473297276317837e-13
4.800000000000000000e+01 1.520453969040513483e-13
4.900000000000000000e+01 1.396079376886205741e-13
5.000000000000000000e+01 1.283781320647324742e-13
5.100000000000000000e+01 1.182196883691977389e-13
5.200000000000000000e+01 1.090138955390626533e-13
5.300000000000000000e+01 1.006571160890511618e-13
5.400000000000000000e+01 9.305865141043950098e-14
5.500000000000000000e+01 8.613892380435428262e-14
5.600000000000000000e+01 7.982792908848542928e-14
5.700000000000000000e+01 7.406392070034875833e-14
5.800000000000000000e+01 6.879229171587919292e-14
5.900000000000000000e+01 6.396462563428817355e-14
6.000000000000000000e+01 5.953789050354336351e-14
6.100000000000000000e+01 5.547375420552254563e-14
6.200000000000000000e+01 5.173800162630631726e-14
6.300000000000000000e+01 4.830003708322527946e-14
6.400000000000000000e+01 4.513245780265002846e-14
6.500000000000000000e+01 4.221068645207142117e-14
6.600000000000000000e+01 3.951265272432581889e-14
6.700000000000000000e+01 3.701851574388329269e-14
6.800000000000000000e+01 3.471042060944388105e-14
6.900000000000000000e+01 3.257228370336503701e-14
7.000000000000000000e+01 3.058960249322817607e-14
7.100000000000000000e+01 2.874928643771155834e-14
7.200000000000000000e+01 2.703950630749080358e-14
7.300000000000000000e+01 2.544955976615088590e-14
7.400000000000000000e+01 2.396975145253903084e-14
7.500000000000000000e+01 2.259128609160493932e-14
7.600000000000000000e+01 2.130617336137811224e-14
7.700000000000000000e+01 2.010714338264177424e-14
7.800000000000000000e+01 1.898757179502499652e-14
7.900000000000000000e+01 1.794141345477561242e-14
8.000000000000000000e+01 1.696314384763584842e-14
8.100000000000000000e+01 1.604770736361357724e-14
8.200000000000000000e+01 1.519047163441961354e-14
8.300000000000000000e+01 1.438718719169700616e-14
8.400000000000000000e+01 1.363395176566973529e-14
8.500000000000000000e+01 1.292717860885034391e-14
8.600000000000000000e+01 1.226356829647392834e-14
8.700000000000000000e+01 1.164008352246437836e-14
8.800000000000000000e+01 1.105392647502393402e-14
8.900000000000000000e+01 1.050251843759682085e-14
9.000000000000000000e+01 9.983481317565210819e-15
9.100000000000000000e+01 9.494620855589851308e-15
9.200000000000000000e+01 9.033911312445243057e-15
9.300000000000000000e+01 8.599481467366239160e-15
9.400000000000000000e+01 8.189601792512907014e-15
9.500000000000000000e+01 7.802672692639402909e-15
9.600000000000000000e+01 7.437213718077673110e-15
9.700000000000000000e+01 7.091853673488664369e-15
9.800000000000000000e+01 6.765321555308249537e-15
9.900000000000000000e+01 6.456438258227315130e-15
1.000000000000000000e+02 6.164108996145533393e-15
1.100000000000000000e+02 3.958567517119159258e-15
1.200000000000000000e+02 2.628318983749570529e-15
1.300000000000000000e+02 1.795349447388444395e-15
1.400000000000000000e+02 1.256876045669721950e-15
1.500000000000000000e+02 8.991788032386861647e-16
1.600000000000000000e+02 6.557229158031229200e-16
1.700000000000000000e+02 4.863973283988984850e-16
1.800000000000000000e+02 3.663694155721022733e-16
1.900000000000000000e+02 2.798206509357470133e-16
2.000000000000000000e+02 2.164253211120515265e-16
2.100000000000000000e+02 1.693184015043789965e-16
2.200000000000000000e+02 1.338577831905970872e-16
2.300000000000000000e+02 1.068468179325806109e-16
2.400000000000000000e+02 8.604546395931570301e-17
2.500000000000000000e+02 6.986139834549155086e-17
2.600000000000000000e+02 5.714949370223407204e-17
2.700000000000000000e+02 4.707704575810872315e-17
2.800000000000000000e+02 3.903135253548658066e-17
2.900000000000000000e+02 3.255616305687591958e-17
3.000000000000000000e+02 2.730802057946371219e-17
3.100000000000000000e+02 2.302601725158524243e-17
3.200000000000000000e+02 1.951041574190408406e-17
3.300000000000000000e+02 1.660718526789569212e-17
3.400000000000000000e+02 1.419663572325928499e-17
3.500000000000000000e+02 1.218501773182614203e-17
3.600000000000000000e+02 1.049832000773503240e-17
3.700000000000000000e+02 9.077690726755460136e-18
3.800000000000000000e+02 7.876039383754073588e-18
3.900000000000000000e+02 6.855483864581101311e-18
4.000000000000000000e+02 5.985401883174233892e-18
4.100000000000000000e+02 5.240921987912379512e-18
4.200000000000000000e+02 4.601743928226374958e-18
4.300000000000000000e+02 4.051213208690479547e-18
4.400000000000000000e+02 3.575595366546147660e-18
4.500000000000000000e+02 3.163507624526680081e-18
4.600000000000000000e+02 2.805473500710076554e-18
4.700000000000000000e+02 2.493572246865564455e-18
4.800000000000000000e+02 2.220717860549090880e-18
4.900000000000000000e+02 1.982185879794758497e-18
5.000000000000000000e+02 1.772789609872628576e-18
