2.000000000000000000e+00 5.169176844915391870e-09
3.000000000000000000e+00 1.486321602613775536e-09
4.000000000000000000e+00 5.869250793935870294e-10
5.000000000000000000e+00 2.781512905639991666e-10
6.000000000000000000e+00 1.485469341865818261e-10
7.000000000000000000e+00 8.634141270186725733e-11
8.000000000000000000e+00 5.346554912308930893e-11
9.000000000000000000e+00 3.477842010665305003e-11
1.000000000000000000e+01 2.353253147187710575e-11
1.100000000000000000e+01 1.644615120179968333e-11
1.200000000000000000e+01 1.180829082403858877e-11
1.300000000000000000e+01 8.674854681599955574e-12
1.400000000000000000e+01 6.499730125677623575e-12
1.500000000000000000e+01 4.954157124306270441e-12
1.600000000000000000e+01 3.833339402920430581e-12
1.700000000000000000e+01 3.005863592529703146e-12
1.800000000000000000e+01 2.385183130650798655e-12
1.900000000000000000e+01 1.912972706891075702e-12
2.000000000000000000e+01 1.549111594076096732e-12
2.100000000000000000e+01 1.265490671166714662e-12
2.200000000000000000e+01 1.042088738814951141e-12
2.300000000000000000e+01 8.644307421023387242e-13
2.400000000000000000e+01 7.219078332497083844e-13
2.500000000000000000e+01 6.066469172534486026e-13
2.600000000000000000e+01 5.127375726555102444e-13
2.700000000000000000e+01 4.356955165986670972e-13
2.800000000000000000e+01 3.720850839016762600e-13
2.900000000000000000e+01 3.192501284065085366e-13
3.000000000000000000e+01 2.751198581274742736e-13
3.100000000000000000e+01 2.380671457299083752e-13
3.200000000000000000e+01 2.068040553977329607e-13
3.300000000000000000e+01 1.803040780543190278e-13
3.400000000000000000e+01 1.577437398994121067e-13
3.500000000000000000e+01 1.384583981989476112e-13
3.600000000000000000e+01 1.219085159494624121e-13
3.700000000000000000e+01 1.076537381644085679e-13
3.800000000000000000e+01 9.533282118501186311e-14
3.900000000000000000e+01 8.464798641890887656e-14
4.000000000000000000e+01 7.535264374412009683e-14
4.100000000000000000e+01 6.724170015020264655e-14
4.200000000000000000e+01 6.014386576605053278e-14
4.300000000000000000e+01 5.391551325501530996e-14
4.400000000000000000e+01 4.843575256626977274e-14
4.500000000000000000e+01 4.360246181829509506e-14
4.600000000000000000e+01 3.932907417242945409e-14
4.700000000000000000e+01 3.554196525457090979e-14
4.800000000000000000e+01 3.217831977866689870e-14
4.900000000000000000e+01 2.918438221415103650e-14
5.000000000000000000e+01 2.651401656835669534e-14
5.100000000000000000e+01 2.412751604963705886e-14
5.200000000000000000e+01 2.199061559682052055e-14
5.300000000000000000e+01 2.007366980415392250e-14
5.400000000000000000e+01 1.835096624659944148e-14
5.500000000000000000e+01 1.680015008561420615e-14
5.600000000000000000e+01 1.540174047064708366e-14
5.700000000000000000e+01 1.413872292449980912e-14
5.800000000000000000e+01 1.299620482560377122e-14
5.900000000000000000e+01 1.196112344185783839e-14
6.000000000000000000e+01 1.102199785537835585e-14
6.100000000000000000e+01 1.016871764232643889e-14
6.200000000000000000e+01 9.388435283553513117e-15
6.300000000000000000e+01 8.681547828525935723e-15
6.400000000000000000e+01 8.036639412663343193e-15
6.500000000000000000e+01 7.447545186022180891e-15
6.600000000000000000e+01 6.908778373590631872e-15
6.700000000000000000e+01 6.415457897864259981e-15
6.800000000000000000e+01 5.963232468193244276e-15
6.900000000000000000e+01 5.548203798066291112e-15
7.000000000000000000e+01 5.166888512990698799e-15
7.100000000000000000e+01 4.816168459767700780e-15
7.200000000000000000e+01 4.493242491724344197e-15
7.300000000000000000e+01 4.195595897423733842e-15
7.400000000000000000e+01 3.920970150628111034e-15
7.500000000000000000e+01 3.667332406957388668e-15
7.600000000000000000e+01 3.432852099594948498e-15
7.700000000000000000e+01 3.215878553790292422e-15
7.800000000000000000e+01 3.014920863783727879e-15
7.900000000000000000e+01 2.828631196247744998e-15
8.000000000000000000e+01 2.655789535547752073e-15
8.100000000000000000e+01 2.495290007391090617e-15
8.200000000000000000e+01 2.346128734720949482e-15
8.300000000000000000e+01 2.207392863856701167e-15
8.400000000000000000e+01 2.078251797987026422e-15
8.500000000000000000e+01 1.957948825971406089e-15
8.600000000000000000e+01 1.845793434666822758e-15
8.700000000000000000e+01 1.741155669837200474e-15
8.800000000000000000e+01 1.643460041935851329e-15
8.900000000000000000e+01 1.552179391132525419e-15
9.000000000000000000e+01 1.466831145821686004e-15
9.100000000000000000e+01 1.386973605886848745e-15
9.200000000000000000e+01 1.312202596528293393e-15
9.300000000000000000e+01 1.242146867548467467e-15
9.400000000000000000e+01 1.176464667737992964e-15
9.500000000000000000e+01 1.114843686933716903e-15
9.600000000000000000e+01 1.056996579901881128e-15
9.700000000000000000e+01 1.002657993831223064e-15
9.800000000000000000e+01 9.515849434810148695e-16
9.900000000000000000e+01 9.035525433571354313e-16
1.000000000000000000e+02 8.583533788629756473e-16
1.100000000000000000e+02 5.264711573195665492e-16
1.200000000000000000e+02 3.357413619988115810e-16
1.300000000000000000e+02 2.211659618469372248e-16
1.400000000000000000e+02 1.497577984707190252e-16
1.500000000000000000e+02 1.038333450680394427e-16
1.600000000000000000e+02 7.348033160325577373e-17
1.700000000000000000e+02 5.294908222856091406e-17
1.800000000000000000e+02 3.877962592810091765e-17
1.900000000000000000e+02 2.882145184292093094e-17
2.000000000000000000e+02 2.170797725990031635e-17
2.100000000000000000e+02 1.655300338918984752e-17
2.200000000000000000e+02 1.276819922219395074e-17
2.300000000000000000e+02 9.954745279476696513e-18
2.400000000000000000e+02 7.838552287342311596e-18
2.500000000000000000e+02 6.229271750104064131e-18
2.600000000000000000e+02 4.993097990599336653e-18
2.700000000000000000e+02 4.034531241409363429e-18
2.800000000000000000e+02 3.284445648443919098e-18
2.900000000000000000e+02 2.692307922436634562e-18
3.000000000000000000e+02 2.220944655584125586e-18
3.100000000000000000e+02 1.842832419178509209e-18
3.200000000000000000e+02 1.537412213550885436e-18
3.300000000000000000e+02 1.289150166231292139e-18
3.400000000000000000e+02 1.086159968073464424e-18
3.500000000000000000e+02 9.192573420188383566e-19
3.600000000000000000e+02 7.812940997808797336e-19
3.700000000000000000e+02 6.666786988906787410e-19
3.800000000000000000e+02 5.710183669571923965e-19
3.900000000000000000e+02 4.908423465731151676e-19
4.000000000000000000e+02 4.233863326287845293e-19
4.100000000000000000e+02 3.664292895172008850e-19
4.200000000000000000e+02 3.181712637848430906e-19
4.300000000000000000e+02 2.771434290056804736e-19
4.400000000000000000e+02 2.421423461799901355e-19
4.500000000000000000e+02 2.121795319946123926e-19
4.600000000000000000e+02 1.864420758989237382e-19
4.700000000000000000e+02 1.642615114722601402e-19
4.800000000000000000e+02 1.450862384415685591e-19
4.900000000000000000e+02 1.284604229038004989e-19
5.000000000000000000e+02 1.140054310559668400e-19
