2.000000000000000000e+00 5.230377499593113905e-09
3.000000000000000000e+00 1.491231286627530035e-09
4.000000000000000000e+00 5.872364082856452924e-10
5.000000000000000000e+00 2.780342841414740311e-10
6.000000000000000000e+00 1.484327395641542474e-10
7.000000000000000000e+00 8.626525382183534186e-11
8.000000000000000000e+00 5.341762794300027213e-11
9.000000000000000000e+00 3.474823933589614021e-11
1.000000000000000000e+01 2.351322876707871657e-11
1.100000000000000000e+01 1.643358221413955235e-11
1.200000000000000000e+01 1.179995454479149755e-11
1.300000000000000000e+01 8.669219313841336874e-12
1.400000000000000000e+01 6.495847807692646386e-12
1.500000000000000000e+01 4.951436804055404337e-12
1.600000000000000000e+01 3.831406675379047264e-12
1.700000000000000000e+01 3.004474592956125167e-12
1.800000000000000000e+01 2.384174104414184182e-12
1.900000000000000000e+01 1.912231515438984315e-12
2.000000000000000000e+01 1.548561021747146778e-12
2.100000000000000000e+01 1.265077545086656715e-12
2.200000000000000000e+01 1.041776214704715288e-12
2.300000000000000000e+01 8.641928397626169557e-13
2.400000000000000000e+01 7.217257881982023211e-13
2.500000000000000000e+01 6.065068967089769483e-13
2.600000000000000000e+01 5.126292756597611481e-13
2.700000000000000000e+01 4.356112686849291223e-13
2.800000000000000000e+01 3.720191867239566073e-13
2.900000000000000000e+01 3.191983536453197299e-13
3.000000000000000000e+01 2.750790487304038584e-13
3.100000000000000000e+01 2.380349134239265190e-13
3.200000000000000000e+01 2.067785638917769519e-13
3.300000000000000000e+01 1.802838953505598928e-13
3.400000000000000000e+01 1.577277400812518183e-13
3.500000000000000000e+01 1.384456947775404721e-13
3.600000000000000000e+01 1.218984135070302038e-13
3.700000000000000000e+01 1.076456942204026943e-13
3.800000000000000000e+01 9.532641434437449997e-14
3.900000000000000000e+01 8.464288940206933678e-14
4.000000000000000000e+01 7.534860102964484526e-14
4.100000000000000000e+01 6.723851017129501384e-14
4.200000000000000000e+01 6.014136738301900202e-14
4.300000000000000000e+01 5.391357592812127319e-14
4.400000000000000000e+01 4.843426946010770134e-14
4.500000000000000000e+01 4.360134503118443767e-14
4.600000000000000000e+01 3.932825137561825374e-14
4.700000000000000000e+01 3.554137718966131263e-14
4.800000000000000000e+01 3.217791824211704154e-14
4.900000000000000000e+01 2.918412831591620898e-14
5.000000000000000000e+01 2.651387916827516133e-14
5.100000000000000000e+01 2.412747034678962632e-14
5.200000000000000000e+01 2.199064188076211928e-14
5.300000000000000000e+01 2.007375238405819041e-14
5.400000000000000000e+01 1.835109256661207838e-14
5.500000000000000000e+01 1.680031002148096273e-14
5.600000000000000000e+01 1.540192579022218243e-14
5.700000000000000000e+01 1.413892688628649344e-14
5.800000000000000000e+01 1.299642188593290960e-14
5.900000000000000000e+01 1.196134904208411250e-14
6.000000000000000000e+01 1.102222826425907694e-14
6.100000000000000000e+01 1.016894983409130770e-14
6.200000000000000000e+01 9.388435283553513117e-15
6.300000000000000000e+01 8.681547828525935723e-15
6.400000000000000000e+01 8.036639412663343193e-15
6.500000000000000000e+01 7.447545186022180891e-15
6.600000000000000000e+01 6.908778373590631872e-15
6.700000000000000000e+01 6.415457897864259981e-15
6.800000000000000000e+01 5.963232468193244276e-15
6.900000000000000000e+01 5.548203798066291112e-15
7.000000000000000000e+01 5.166888512990698799e-15
7.100000000000000000e+01 4.816168459767700780e-15
7.200000000000000000e+01 4.493242491724344197e-15
7.300000000000000000e+01 4.195595897423733842e-15
7.400000000000000000e+01 3.920970150628111034e-15
7.500000000000000000e+01 3.667332406957388668e-15
7.600000000000000000e+01 3.432852099594948498e-15
7.700000000000000000e+01 3.215878553790292422e-15
7.800000000000000000e+01 3.014920863783727879e-15
7.900000000000000000e+01 2.828631196247744998e-15
8.000000000000000000e+01 2.655789535547752073e-15
8.100000000000000000e+01 2.495290007391090617e-15
8.200000000000000000e+01 2.346128734720949482e-15
8.300000000000000000e+01 2.207392863856701167e-15
8.400000000000000000e+01 2.078251797987026422e-15
8.500000000000000000e+01 1.957948825971406089e-15
8.600000000000000000e+01 1.845793434666822758e-15
8.700000000000000000e+01 1.741155669837200474e-15
8.800000000000000000e+01 1.643460041935851329e-15
8.900000000000000000e+01 1.552179391132525419e-15
9.000000000000000000e+01 1.466831145821686004e-15
9.100000000000000000e+01 1.386973605886848745e-15
9.200000000000000000e+01 1.312202596528293393e-15
9.300000000000000000e+01 1.242146867548467467e-15
9.400000000000000000e+01 1.176464667737992964e-15
9.500000000000000000e+01 1.114843686933716903e-15
9.600000000000000000e+01 1.056996579901881128e-15
9.700000000000000000e+01 1.002657993831223064e-15
9.800000000000000000e+01 9.515849434810148695e-16
9.900000000000000000e+01 9.035525433571354313e-16
1.000000000000000000e+02 8.583533788629756473e-16
1.100000000000000000e+02 5.264711573195665492e-16
1.200000000000000000e+02 3.357413619988115810e-16
1.300000000000000000e+02 2.211659618469372248e-16
1.400000000000000000e+02 1.497577984707190252e-16
1.500000000000000000e+02 1.038333450680394427e-16
1.600000000000000000e+02 7.348033160325577373e-17
1.700000000000000000e+02 5.294908222856091406e-17
1.800000000000000000e+02 3.877962592810091765e-17
1.900000000000000000e+02 2.882145184292093094e-17
2.000000000000000000e+02 2.170797725990031635e-17
2.100000000000000000e+02 1.655300338918984752e-17
2.200000000000000000e+02 1.276819922219395074e-17
2.300000000000000000e+02 9.954745279476696513e-18
2.400000000000000000e+02 7.838552287342311596e-18
2.500000000000000000e+02 6.229271750104064131e-18
2.600000000000000000e+02 4.993097990599336653e-18
2.700000000000000000e+02 4.034531241409363429e-18
2.800000000000000000e+02 3.284445648443919098e-18
2.900000000000000000e+02 2.692307922436634562e-18
3.000000000000000000e+02 2.220944655584125586e-18
3.100000000000000000e+02 1.842832419178509209e-18
3.200000000000000000e+02 1.537412213550885436e-18
3.300000000000000000e+02 1.289150166231292139e-18
3.400000000000000000e+02 1.086159968073464424e-18
3.500000000000000000e+02 9.192573420188383566e-19
3.600000000000000000e+02 7.812940997808797336e-19
3.700000000000000000e+02 6.666786988906787410e-19
3.800000000000000000e+02 5.710183669571923965e-19
3.900000000000000000e+02 4.908423465731151676e-19
4.000000000000000000e+02 4.233863326287845293e-19
4.100000000000000000e+02 3.664292895172008850e-19
4.200000000000000000e+02 3.181712637848430906e-19
4.300000000000000000e+02 2.771434290056804736e-19
4.400000000000000000e+02 2.421423461799901355e-19
4.500000000000000000e+02 2.121795319946123926e-19
4.600000000000000000e+02 1.864420758989237382e-19
4.700000000000000000e+02 1.642615114722601402e-19
4.800000000000000000e+02 1.450862384415685591e-19
4.900000000000000000e+02 1.284604229038004989e-19
5.000000000000000000e+02 1.140054310559668400e-19
