1.000000000000000048e-04 4.267251660110168814e+02
1.020198837295987229e-04 4.350487636876428610e+02
1.040805667620083979e-04 4.435345494758252016e+02
1.061828731957083200e-04 4.521856716128318681e+02
1.083276437750088552e-04 4.610053383060077863e+02
1.105157362262778942e-04 4.699968195684989496e+02
1.127480256009586888e-04 4.791634483974893897e+02
1.150254046255162565e-04 4.885086220927016711e+02
1.173487840584521309e-04 4.980358037557056150e+02
1.197190930545307254e-04 5.077485232593038518e+02
1.221372795363623190e-04 5.176503784464548517e+02
1.246043105734918118e-04 5.277450364252302961e+02
1.271211727691444005e-04 5.380362345573647644e+02
1.296888726547834050e-04 5.485277811578101819e+02
1.323084370926373471e-04 5.592235575705848305e+02
1.349809136863578676e-04 5.701275197153388490e+02
1.377073711999722777e-04 5.812436995001528430e+02
1.404888999852986074e-04 5.925762051184455004e+02
1.433266124179938565e-04 6.041292206750673586e+02
1.462216433424098981e-04 6.159070099038934814e+02
1.491751505254350872e-04 6.279139180923916683e+02
1.521883151195027443e-04 6.401543736038493080e+02
1.552623421349519936e-04 6.526328868560897263e+02
1.583984609219297708e-04 6.653540485103957280e+02
1.615979256620265537e-04 6.783225356462222635e+02
1.648620158698428694e-04 6.915431141022424981e+02
1.681920369046862348e-04 7.050206401365479678e+02
1.715893204926046637e-04 7.187600639123991186e+02
1.750552252589637682e-04 7.327664331276720304e+02
1.785911372717819117e-04 7.470448918531409390e+02
1.821984705960399259e-04 7.616006819309595812e+02
1.858786678591870054e-04 7.764391447206974135e+02
1.896332008280695387e-04 7.915657168152572467e+02
1.934635709975129718e-04 8.069859267640637199e+02
1.973713101907923547e-04 8.227054059151079173e+02
2.013579811722319664e-04 8.387298913164888745e+02
2.054251782721782890e-04 8.550652276272800236e+02
2.095745280245971869e-04 8.717173685629079500e+02
2.138076898175492950e-04 8.886923785533550699e+02
2.181263565568048520e-04 9.059964354336907491e+02
2.225322553428622004e-04 9.236358325583413489e+02
2.270271481616417350e-04 9.416169807308345980e+02
2.316128325891306326e-04 9.599464036033185721e+02
2.362911425102611786e-04 9.786307366385151454e+02
2.410639488523088638e-04 9.976767373660690055e+02
2.459331603331047487e-04 1.017091288192234742e+03
2.509007242243610643e-04 1.036881398435240044e+03
2.559686271304141949e-04 1.057054201049542371e+03
2.611388957826986748e-04 1.077616953119997561e+03
2.664135978502670801e-04 1.098577044181419751e+03
2.717948427666831614e-04 1.119941998914050373e+03
2.772847825736157561e-04 1.141719479122536541e+03
2.828856127814733767e-04 1.163917276805351094e+03
2.885995732474219764e-04 1.186543314830233612e+03
2.944289490711379841e-04 1.209605658590755638e+03
3.003760715086543432e-04 1.233112518909057599e+03
3.064433189046654178e-04 1.257072254073209251e+03
3.126331176436630268e-04 1.281493363851100867e+03
3.189479431202845404e-04 1.306384491467063981e+03
3.253903207292608581e-04 1.331754433761962218e+03
3.319628268753602738e-04 1.357612144042977889e+03
3.386680900037315495e-04 1.383966733478024480e+03
3.455087916510596606e-04 1.410827453783773535e+03
3.524876675179524949e-04 1.438203700811960289e+03
3.596075085629895870e-04 1.466105033462609072e+03
3.668711621188686816e-04 1.494541176788261964e+03
3.742815330310973591e-04 1.523522023632330729e+03
3.818415848196850888e-04 1.553057623973558520e+03
3.895543408642998030e-04 1.583158189554842011e+03
3.974228856133632201e-04 1.613834106375729107e+03
4.054503658175692324e-04 1.645095937553833437e+03
4.136399917883167173e-04 1.676954423667415767e+03
4.219950386815623350e-04 1.709420458313582685e+03
4.305188478076049500e-04 1.742505097418124251e+03
4.392148279673265899e-04 1.776219580160055102e+03
4.480864568154236424e-04 1.810575331881316743e+03
4.571372822511737518e-04 1.845583963776482278e+03
4.663709238372948807e-04 1.881257246789153669e+03
4.757910742474635770e-04 1.917607123743129932e+03
4.854015007430710280e-04 1.954645729439221896e+03
4.952060466798081191e-04 1.992385393352220717e+03
5.052086330446825839e-04 2.030838638793931068e+03
5.154132600240802229e-04 2.070018157576310387e+03
5.258240086035008724e-04 2.109936824006013921e+03
5.364450421996066337e-04 2.150607712701163564e+03
5.472806083252353777e-04 2.192044101051102643e+03
5.583350402880455504e-04 2.234259464385779211e+03
5.696127589234721827e-04 2.277267427041458632e+03
5.811182743626857163e-04 2.321081789897164981e+03
5.928561878362622814e-04 2.365716558239496862e+03
6.048311935142860942e-04 2.411185943891328861e+03
6.170480803836188473e-04 2.457504361157770290e+03
6.295117341630886371e-04 2.504686392060289108e+03
6.422271392573635504e-04 2.552746809069640221e+03
6.551993807502902098e-04 2.601700593543500418e+03
6.684336464384967686e-04 2.651562937425731434e+03
6.819352289060713395e-04 2.702349232258257871e+03
6.957095276411468963e-04 2.754075005147195498e+03
7.097620511952384362e-04 2.806755962299445400e+03
7.240984193861970536e-04 2.860408017228431618e+03
7.387243655456603207e-04 2.915047291845484324e+03
7.536457388118981060e-04 2.970690100869140679e+03
7.688685064689736648e-04 3.027352879213794040e+03
7.843987563331489494e-04 3.085052235243762425e+03
8.002426991874967994e-04 3.143804978613584353e+03
8.164066712656865800e-04 3.203628120562468212e+03
8.328971367859405164e-04 3.264538853528717937e+03
8.497206905361736956e-04 3.326554473707288253e+03
8.668840605113475092e-04 3.389692441953319303e+03
8.843941106041007917e-04 3.453970409479748014e+03
9.022578433497221474e-04 3.519406217201117215e+03
9.204824027265714114e-04 3.586017850677617389e+03
9.390750770130646980e-04 3.653823298075857565e+03
9.580433017023679519e-04 3.722840670566994959e+03
9.773946624759644129e-04 3.793088243705327841e+03
9.971368982372825433e-04 3.864584455240121315e+03
1.017277904206602629e-03 3.937347864506222777e+03
1.037825735078474467e-03 4.011397047366760034e+03
1.058788608242912594e-03 4.086750689942883582e+03
1.080174907071655786e-03 4.163427613936581110e+03
1.101993184270804024e-03 4.241446772885448809e+03
1.124252165301176890e-03 4.320827157360550700e+03
1.146960751867756459e-03 4.401587587252226513e+03
1.170128025479616127e-03 4.483746916710941150e+03
1.193763251081753291e-03 4.567324080929082811e+03
1.217875880760282189e-03 4.652338089892808057e+03
1.242475557522466174e-03 4.738807962314054748e+03
1.267572119153103196e-03 4.826752608002465422e+03
1.293175602148806218e-03 4.916190946013878602e+03
1.319296245731750019e-03 5.007141923271987253e+03
1.345944495944492248e-03 5.099624505811329072e+03
1.373131009827504353e-03 5.193657525576194530e+03
1.400866659681084241e-03 5.289259449975252210e+03
1.429162537413355451e-03 5.386448648500104355e+03
1.458029958976087784e-03 5.485243431252205482e+03
1.487480468890120533e-03 5.585662036771896055e+03
1.517525844862190445e-03 5.687722510894212064e+03
1.548178102495017128e-03 5.791442558126667791e+03
1.579449500092523946e-03 5.896839718439649005e+03
1.611352543562120584e-03 6.003931382092846434e+03
1.643899991416006897e-03 6.112734773169087930e+03
1.677104859873493380e-03 6.223266716422525860e+03
1.710980428066387424e-03 6.335543403421157564e+03
1.745540243349518557e-03 6.449580720887857751e+03
1.780798126718533122e-03 6.565394277129179500e+03
1.816768178337119016e-03 6.682999381229315986e+03
1.853464783175877212e-03 6.802410846347030201e+03
1.890902616765088732e-03 6.923642830709832197e+03
1.929096651063682936e-03 7.046709072720084805e+03
1.968062160446751394e-03 7.171622897187860872e+03
2.007814727814005371e-03 7.298397188824429577e+03
2.048370250821606852e-03 7.427044124154058409e+03
2.089744948239892573e-03 7.557575002330875577e+03
2.131955366439501186e-03 7.690000542067736205e+03
2.175018386008519336e-03 7.824330885573202977e+03
2.218951228503285127e-03 7.960575566737314148e+03
2.263771463335553877e-03 8.098743239015110703e+03
2.309497014798767012e-03 8.238841543728607576e+03
2.356146169236255153e-03 8.380877374706409682e+03
2.403737582354221244e-03 8.524856871728756232e+03
2.452290286682443608e-03 8.670785380768847972e+03
2.501823699185671407e-03 8.818667091418195923e+03
2.552357629028767332e-03 8.968504914667268167e+03
2.603912285498690988e-03 9.120300812103925637e+03
2.656508286086500543e-03 9.274055786417891795e+03
2.710166664732603127e-03 9.429769836132640194e+03
2.764908880238544763e-03 9.587441602635813979e+03
2.820756824848712988e-03 9.747068291694980871e+03
2.877732833005376949e-03 9.908645954988585800e+03
2.935859690280572150e-03 1.007216947174587949e+04
2.995160642488396870e-03 1.023763248630547423e+04
3.055659404981363615e-03 1.040502681634775581e+04
3.117380172134535249e-03 1.057434240673156273e+04
3.180347627021216234e-03 1.074556779246323822e+04
3.244586951284096459e-03 1.091869008255883818e+04
3.310123835205766411e-03 1.109369489002661612e+04
3.376984487982656429e-03 1.127056574690132766e+04
3.445195648206490074e-03 1.144928411794275598e+04
3.514784594557455316e-03 1.162982981076279975e+04
3.585779156713363516e-03 1.181218095323238595e+04
3.658207726479158206e-03 1.199631389811563349e+04
3.732099269141233178e-03 1.218220239001173468e+04
3.807483335051089698e-03 1.236981768382412702e+04
3.884390071442968013e-03 1.255912909914837110e+04
3.962850234490191553e-03 1.275010399897566822e+04
4.042895201605023817e-03 1.294270767676985270e+04
4.124556983986970606e-03 1.313690244012638686e+04
4.207868239424549656e-03 1.333264783207131222e+04
4.292862285355638144e-03 1.352990119228207914e+04
4.379573112191615693e-03 1.372861763587135647e+04
4.468035396910653191e-03 1.392874994773600338e+04
4.558284516925563239e-03 1.413024783894479333e+04
4.650356564231758992e-03 1.433305818895037919e+04
4.744288359841003500e-03 1.453712545644780221e+04
4.840117468506677581e-03 1.474239166046269929e+04
4.937882213746508549e-03 1.494879586302947064e+04
5.037621693168722881e-03 1.515627015518829467e+04
5.139375794107771574e-03 1.536474148428131775e+04
5.243185209575889662e-03 1.557413385528277286e+04
5.349091454536838985e-03 1.578436833426109479e+04
5.457136882508382796e-03 1.599536394774836481e+04
5.567364702500098884e-03 1.620704392335930424e+04
5.679818996293317483e-03 1.641933228882576441e+04
5.794544736070104604e-03 1.663215071973451995e+04
5.911587802398299979e-03 1.684541852714105335e+04
6.030995002579887625e-03 1.705904895712022699e+04
6.152814089369907681e-03 1.727292760594160427e+04
6.277093780073550108e-03 1.748692587681453006e+04
6.403883776028904302e-03 1.770091088646492426e+04
6.533234782483327008e-03 1.791474552111135563e+04
6.665198528871187078e-03 1.812829088370455429e+04
6.799827789501312024e-03 1.834141828114614327e+04
6.937176404662176790e-03 1.855400090488132628e+04
7.077299302153511849e-03 1.876590892217850342e+04
7.220252519252716265e-03 1.897700953114986623e+04
7.366093225125039043e-03 1.918716713677242660e+04
7.514879743686415751e-03 1.939624387698742066e+04
7.666671576928043436e-03 1.960409935453106300e+04
7.821529428712184484e-03 1.981059055685110434e+04
7.979515229048512320e-03 2.001557195323881388e+04
8.140692158860917196e-03 2.021889168802156928e+04
8.305124675254463990e-03 2.042037779622112066e+04
8.472878537292819270e-03 2.061985031227498621e+04
8.644020832296253273e-03 2.081712620607220742e+04
8.818620002670932156e-03 2.101201955013858969e+04
8.996745873280014710e-03 2.120433951999745841e+04
9.178469679367744216e-03 2.139388407697543516e+04
9.363864095047439925e-03 2.158044635780630779e+04
9.553003262365042034e-03 2.176381696000272132e+04
9.745962820949582994e-03 2.194378419106677029e+04
9.942819938262686605e-03 2.212013227801700123e+04
1.014365334045894650e-02 2.229263652439363432e+04
1.034854334386977638e-02 2.246106896706710904e+04
1.055757188712306595e-02 2.262520019364082691e+04
1.077082256391175691e-02 2.278479968443396865e+04
1.098838065642415186e-02 2.293963303428707150e+04
1.121033316944963949e-02 2.308945585206114629e+04
1.143676886517315354e-02 2.323402165160791628e+04
1.166777829867260245e-02 2.337308404593529485e+04
1.190345385413313188e-02 2.350639719213733406e+04
1.214388978179306230e-02 2.363370982756188459e+04
1.238918223563589480e-02 2.375475486598149291e+04
1.263942931184384305e-02 2.386926395748267896e+04
1.289473108802790050e-02 2.397697086018279151e+04
1.315518966325048868e-02 2.407761203255128930e+04
1.342090919885632720e-02 2.417092219728308191e+04
1.369199596012825142e-02 2.425662804635535576e+04
1.396855835878418536e-02 2.433445899767280935e+04
1.425070699633277337e-02 2.440414961776575001e+04
1.453855470830447798e-02 2.446544032536544910e+04
1.483221660937633288e-02 2.451807131330122502e+04
1.513181013940795294e-02 2.456177586815572795e+04
1.543745511040763019e-02 2.459629360230826933e+04
1.574927375444684988e-02 2.462137308728489006e+04
1.606739077254288814e-02 2.463677267884012326e+04
1.639193338452851756e-02 2.464225616422875100e+04
1.672303137992927485e-02 2.463758922830194570e+04
1.706081716986816016e-02 2.462254904415513738e+04
1.740542584001890034e-02 2.459692625330227020e+04
1.775699520462881847e-02 2.456052587143088385e+04
1.811566586163272999e-02 2.451316647454298800e+04
1.848158124888032300e-02 2.445468001502907282e+04
1.885488770149901239e-02 2.438491533815348521e+04
1.923573451041570709e-02 2.430373932186405364e+04
1.962427398206038898e-02 2.421103784349453781e+04
2.002066149927590744e-02 2.410672262849770050e+04
2.042505558345780389e-02 2.399073463139867818e+04
2.083761795794956961e-02 2.386303633318504581e+04
2.125851361271811901e-02 2.372361162706761752e+04
2.168791087033595036e-02 2.357246693732296626e+04
2.212598145329572330e-02 2.340965325138045591e+04
2.257290055268488041e-02 2.323527211348411583e+04
2.302884689824704831e-02 2.304944842156179584e+04
2.349400282985894539e-02 2.285232852375122093e+04
2.396855437045071827e-02 2.264408175415604273e+04
2.445269130039948169e-02 2.242494589545277995e+04
2.494660723342523659e-02 2.219523161846710718e+04
2.545049969402009629e-02 2.195526880391197119e+04
2.596457019644116126e-02 2.170540267426960418e+04
2.648902432529932557e-02 2.144599634159452035e+04
2.702407181777547254e-02 2.117750715827444583e+04
2.756992664749779998e-02 2.090048259239786785e+04
2.812680711011289816e-02 2.061547632014742339e+04
2.869493591058569146e-02 2.032304277283645933e+04
2.927454025226237586e-02 2.002374212166059806e+04
2.986585192773265687e-02 1.971825832084763897e+04
3.046910741152695709e-02 1.940737715086533717e+04
3.108454795468635484e-02 1.909186737638885825e+04
3.171241968124235977e-02 1.877247456770113786e+04
3.235297368664584450e-02 1.844992812886644970e+04
3.300646613818374042e-02 1.812506868632185433e+04
3.367315837742443363e-02 1.779880960781313843e+04
3.435331702473202325e-02 1.747202058308803316e+04
3.504721408589205750e-02 1.714552355235954019e+04
3.575512706089059578e-02 1.682010803430550368e+04
3.647733905489088796e-02 1.649672487464234291e+04
3.721413889145116366e-02 1.617640980257695992e+04
3.796582122802986264e-02 1.586012611520269820e+04
3.873268667382335356e-02 1.554876312543692256e+04
3.951504190998438026e-02 1.524312664910733110e+04
4.031319981226828136e-02 1.494381695029428738e+04
4.112747957615688066e-02 1.465129341618460421e+04
4.195820684450972393e-02 1.436597048142424137e+04
4.280571383779332995e-02 1.408822185661987169e+04
4.367033948694151041e-02 1.381842594460287182e+04
4.455242956889874512e-02 1.355734064651836161e+04
4.545233684490186665e-02 1.330589325071431631e+04
4.637042120155442093e-02 1.306493641731072057e+04
4.730704979475102573e-02 1.283525350923267979e+04
4.826259719650833474e-02 1.261732114880905101e+04
4.923744554476239266e-02 1.241043265001785585e+04
5.023198469619104961e-02 1.221359056916262853e+04
5.124661238212394748e-02 1.202585804893918430e+04
5.228173436760095300e-02 1.184635216577206484e+04
5.333776461364416605e-02 1.167422311509547944e+04
5.441512544280679292e-02 1.150865467833790717e+04
5.551424770806679537e-02 1.134887391357840897e+04
5.663557096513113787e-02 1.119413416668072205e+04
5.777954364822117383e-02 1.104351297880516904e+04
5.894662324940794923e-02 1.089596788031214601e+04
6.013727650157060789e-02 1.075050487896395498e+04
6.135197956504959138e-02 1.060609757726032876e+04
6.259121821807077379e-02 1.046130646336239261e+04
6.385548805101518011e-02 1.031460916750171600e+04
6.514529466461350948e-02 1.016456401365903730e+04
6.646115387214313053e-02 1.000952284646269618e+04
6.780359190571014216e-02 9.847604992211216086e+03
6.917314562669706068e-02 9.677063918414745785e+03
7.057036274046236957e-02 9.496499999976358595e+03
7.199580201537572610e-02 9.305066843271217294e+03
7.345003350627841987e-02 9.102124479366466403e+03
7.493363878245649923e-02 8.887473257614736212e+03
7.644721116021963025e-02 8.661705458750811886e+03
7.799135594017683748e-02 8.425593125324827270e+03
7.956669064930592394e-02 8.180417751939862683e+03
8.117384528791134202e-02 7.928162756914231068e+03
8.281346258157153140e-02 7.670806944065418975e+03
8.448619823817396512e-02 7.410621599122169755e+03
8.619272121014338872e-02 7.149984116249087492e+03
8.793371396196539291e-02 6.891155874493823831e+03
8.970987274311505166e-02 6.636534360014521553e+03
9.152190786649688770e-02 6.388316454067909945e+03
9.337054399251061565e-02 6.148827338097546090e+03
9.525652041885318555e-02 5.920354261272643271e+03
9.718059137617542087e-02 5.704839845426003194e+03
9.914352632971062951e-02 5.504080929844196362e+03
1.011461102869948142e-01 5.319671291583329548e+03
1.031891441118038405e-01 5.152720175993672456e+03
1.052734448444302695e-01 5.003288054400201872e+03
1.073998460284310424e-01 4.871193165061752552e+03
1.095691980439733315e-01 4.755291006710827787e+03
1.117823684479153645e-01 4.653396114676329489e+03
1.140402423207548394e-01 4.563210191646091516e+03
1.163437226205867314e-01 4.481479068264435227e+03
1.186937305442093693e-01 4.404862592883318030e+03
1.210912058955256332e-01 4.329904867159552850e+03
1.235371074613841602e-01 4.253145969753216377e+03
1.260324133950135872e-01 4.171523674445309553e+03
1.285781216071999744e-01 4.082436484989552355e+03
1.311752501653675185e-01 3.983957712117610754e+03
1.338248377007180967e-01 3.875148431547233486e+03
1.365279438235968423e-01 3.755830321286089656e+03
1.392856495472452882e-01 3.626942130548777641e+03
1.420990577201159955e-01 3.490069329003253642e+03
1.449692934669176425e-01 3.347639454346452567e+03
1.478975046385701819e-01 3.202600595673313819e+03
1.508848622712470611e-01 3.058473617510473559e+03
1.539325610546914691e-01 2.919072923812522276e+03
1.570418198099897134e-01 2.788245063789929645e+03
1.602138819769974853e-01 2.669184154247411698e+03
1.634500161116092531e-01 2.564124593343154174e+03
1.667515163930741728e-01 2.473616641326910667e+03
1.701197031415569161e-01 2.396844471551382412e+03
1.735559233461549389e-01 2.331728230245678787e+03
1.770615512035786376e-01 2.275537693081626912e+03
1.806379886677148550e-01 2.225223078168075972e+03
1.842866660102882859e-01 2.177483825783886005e+03
1.880090423928501009e-01 2.128802937554134587e+03
1.918066064503175516e-01 2.075853992944978927e+03
1.956808768863030068e-01 2.016038922708924929e+03
1.996334030804654269e-01 1.948388672065702622e+03
2.036657657081320238e-01 1.873699605276393186e+03
2.077795773724331052e-01 1.794223099905582558e+03
2.119764832492079254e-01 1.713022172149686867e+03
2.162581617449340909e-01 1.633363247623927691e+03
2.206263251679493331e-01 1.558333982343431899e+03
2.250827204132284098e-01 1.490438319960173430e+03
2.296291296609932475e-01 1.431150696438750856e+03
2.342673710894348504e-01 1.380583152817453993e+03
2.389992996018288629e-01 1.337543262409047429e+03
2.438268075683411584e-01 1.299853689058605823e+03
2.487518255828139180e-01 1.264671428422159579e+03
2.537763232348410614e-01 1.228968065480668656e+03
2.589023098974352899e-01 1.190336627366094262e+03
2.641318355306089272e-01 1.147791242551589903e+03
2.694669915011819739e-01 1.101911271494021776e+03
2.749099114191536075e-01 1.054272757502871400e+03
2.804627719909632000e-01 1.006863708902372537e+03
2.861277938899902673e-01 9.618165343533419218e+02
2.919072426446337465e-01 9.209859959088628329e+02
2.978034295443330315e-01 8.852113549684758027e+02
3.038187125638858732e-01 8.539331785961577452e+02
3.099554973064401753e-01 8.256293311594373563e+02
3.162162379655298339e-01 7.985512184141282432e+02
3.226034383065442546e-01 7.711524421333847386e+02
3.291196526680242873e-01 7.424084792343041954e+02
3.357674869831775988e-01 7.122510326629640076e+02
3.425495998220334237e-01 6.816587357305087380e+02
3.494687034546437032e-01 6.520406086634216081e+02
3.565275649357637078e-01 6.244599280751788228e+02
3.637290072114358619e-01 5.993706637227500096e+02
3.710759102479306848e-01 5.766348040882870691e+02
3.785712121834883814e-01 5.554964238576789057e+02
3.862179105033274884e-01 5.348966131113162419e+02
3.940190632383804292e-01 5.141190252114519126e+02
4.019777901882498616e-01 4.930999397427414692e+02
4.100972741688622136e-01 4.722496706940048057e+02
4.183807622853270014e-01 4.521678747854396079e+02
4.268315672304995312e-01 4.333759126127426384e+02
4.354530686097797254e-01 4.159693345866269283e+02
4.442487142926664356e-01 3.995769348690458855e+02
4.532220217916156368e-01 3.837762040474926835e+02
4.623765796687429597e-01 3.682241509200537166e+02
4.717160489709470439e-01 3.528415278476903723e+02
4.812441646940164297e-01 3.379217635505391399e+02
4.909647372763142892e-01 3.237025243590889545e+02
5.008816541226258634e-01 3.102748695549014428e+02
5.109988811587937718e-01 2.975624311899009626e+02
5.213204644177519276e-01 2.853166315263759429e+02
5.318505316575937725e-01 2.734091923802972133e+02
5.425932940123299186e-01 2.618446184618920825e+02
5.535530476759789043e-01 2.507136874464396783e+02
5.647341756206839536e-01 2.401178340809727558e+02
5.761411493495287583e-01 2.300079811680250259e+02
5.877785306847631563e-01 2.203213358896175009e+02
5.996509735921392581e-01 2.109647229083703905e+02
6.117632260421074220e-01 2.019439312992459179e+02
6.241201319085992738e-01 1.932860973671621991e+02
6.367266329061713748e-01 1.849969977904000018e+02
6.495877705662649326e-01 1.770616781169135550e+02
6.627086882533962386e-01 1.694569709312021644e+02
6.760946332220626465e-01 1.621617290933257891e+02
6.897509587152054200e-01 1.551580385810620726e+02
7.036831261050453534e-01 1.484360243148535403e+02
7.178967070771729020e-01 1.419879903473616594e+02
7.323973858587485841e-01 1.358061151165048557e+02
7.471909614917160436e-01 1.298819819997945331e+02
7.622833501519197252e-01 1.242052725460965803e+02
7.776805875150785141e-01 1.187656044746486828e+02
7.933888311705422636e-01 1.135530607330690884e+02
8.094143630838096515e-01 1.085583329156056323e+02
8.257635921087749242e-01 1.037730106749797585e+02
8.424430565507302626e-01 9.918906388860156653e+01
8.594594267811311861e-01 9.479872195939266533e+01
8.768195079051860352e-01 9.059442601817775653e+01
8.945302424833105892e-01 8.656876971887518835e+01
9.125987133075712521e-01 8.271459956103035438e+01
9.310321462341968335e-01 7.902502485315068270e+01
9.498379130733154430e-01 7.549339251834570064e+01
9.690235345370434850e-01 7.211326548908547807e+01
9.885966832471401178e-01 6.887844971012674478e+01
1.008565186803400016e+00 6.578299002305810461e+01
1.028937030914039097e+00 6.282116233862430477e+01
1.049720362589288358e+00 5.998746566865457908e+01
1.070923493399514426e+00 5.727661283280405513e+01
1.092554902799139693e+00 5.468352421323339740e+01
1.114623241517713081e+00 5.220338528171914305e+01
1.137137335019455353e+00 4.983164782453538777e+01
1.160106187032706071e+00 4.756392701203928652e+01
1.183538983150646207e+00 4.539598645642606556e+01
1.207445094504764560e+00 4.332362863914009665e+01
1.231834081512504397e+00 4.134270354103708200e+01
1.256715697700627743e+00 3.944923691807186827e+01
1.282099893605796348e+00 3.763943354269411401e+01
1.307996820753940082e+00 3.590974699571115991e+01
1.334416835720017902e+00 3.425684680818132222e+01
1.361370504269753035e+00 3.267752935923719093e+01
1.388868605585054095e+00 3.116870873605326508e+01
1.416922136574769286e+00 2.972738371546256886e+01
1.445542316272526051e+00 2.835064909261392785e+01
1.474740590323379674e+00 2.703571830854664526e+01
1.504528635561110050e+00 2.577992034748988459e+01
1.534918364677960279e+00 2.458070315900883429e+01
1.565921930988713573e+00 2.343562407914978962e+01
1.597551733290973219e+00 2.234233978242815866e+01
1.629820420823640204e+00 2.129860002019189835e+01
1.662740898325531846e+00 2.030222700487182763e+01
1.696326331196193582e+00 1.935112608847235904e+01
1.730590150760924928e+00 1.844329323835045642e+01
1.765546059642183252e+00 1.757681668557547638e+01
1.801208037239464099e+00 1.674990097872973038e+01
1.837590345319889185e+00 1.596083611216091924e+01
1.874707533721682973e+00 1.520797928703114188e+01
1.912574446172889298e+00 1.448974559296799214e+01
1.951206226227595097e+00 1.380457902516354629e+01
1.990618323322084438e+00 1.315098120937690140e+01
2.030826498953278492e+00 1.252752654847343194e+01
2.071846832982015663e+00 1.193286871328103160e+01
2.113695730063622769e+00 1.136572215697305133e+01
2.156389926208400976e+00 1.082485619852240255e+01
2.199946495474591313e+00 1.030909281985439563e+01
2.244382856796560688e+00 9.817304544001791200e+00
2.289716780950893593e+00 9.348412391677324962e+00
2.335966397663213012e+00 8.901383913735772424e+00
2.383150202858506095e+00 8.475231297065317193e+00
2.431287066057944646e+00 8.069009541504319927e+00
2.480396237925083458e+00 7.681814705442643110e+00
2.530497357964511806e+00 7.312782016894243675e+00
2.581610462375963255e+00 6.961083441257220450e+00
2.633755992067114082e+00 6.625927024913499608e+00
2.686954800828205148e+00 6.306555770625958957e+00
2.741228163671806328e+00 6.002246160790115859e+00
2.796597785340992015e+00 5.712306739304301217e+00
2.853085808989413330e+00 5.436076750215009135e+00
2.910714825036681219e+00 5.172924831034797499e+00
2.969507880202610917e+00 4.922247758698872211e+00
3.029488486723975971e+00 4.683469246193131319e+00
3.090680631757380947e+00 4.456038787953523261e+00
3.153108786972107946e+00 4.239430545695523023e+00
3.216797918336700590e+00 4.033142233639291696e+00
3.281773496103254750e+00 3.836694138926762143e+00
3.348061504993327997e+00 3.649628180835406521e+00
3.415688454589647982e+00 3.471506971959453125e+00
3.484681389937680951e+00 3.301912917824390892e+00
3.555067902361388033e+00 3.140447353843307088e+00
3.626876140497372614e+00 2.986729718162281166e+00
3.700134821551977815e+00 2.840396758993284365e+00
3.774873242785717675e+00 2.701101775083573742e+00
3.851121293229722742e+00 2.568513888018741032e+00
3.928909465638783516e+00 2.442317343432766741e+00
4.008268868685886055e+00 2.322210814762279085e+00
4.089231239403036788e+00 2.207906774035139463e+00
4.171828955873407629e+00 2.099130909014117918e+00
4.256095050179784955e+00 1.995621536469946111e+00
4.342063221614623103e+00 1.897129039448471666e+00
4.429767850156900444e+00 1.803415328604411894e+00
4.519244010221216357e+00 1.714253326625479579e+00
4.610527484684540767e+00 1.629426474807978753e+00
4.703654779196361879e+00 1.548728260879945307e+00
4.798663136777834737e+00 1.471961767202784710e+00
4.895590552715862742e+00 1.398939237707591099e+00
4.994475789757943929e+00 1.329481627559137902e+00
5.095358393614014325e+00 1.263418201325127166e+00
5.198278708771358225e+00 1.200586211732014075e+00
5.303277894629026434e+00 1.140830540284390571e+00
5.410397941958045465e+00 1.084003349272145922e+00
5.519681689694201587e+00 1.029963749133875339e+00
5.631172842069966045e+00 9.785774805262456022e-01
5.744915986092520299e+00 9.297166104752653260e-01
5.860956609374721182e+00 8.832592420103635433e-01
5.979341118326323645e+00 8.390892367064543000e-01
6.100116856712594071e+00 7.970959495755242097e-01
6.223332124587842351e+00 7.571739740965430787e-01
6.349036197611283683e+00 7.192228985311411860e-01
6.477279346753169520e+00 6.831470787824436286e-01
6.608112858398896172e+00 6.488554181203125548e-01
6.741589054859207231e+00 6.162611562123206932e-01
6.877761315294717903e+00 5.852816676566361398e-01
7.016684097062992898e+00 5.558382696043132620e-01
7.158412957496911311e+00 5.278560380752745917e-01
7.303004576122867242e+00 5.012636325889608946e-01
7.450516777327824691e+00 4.759931287463631810e-01
7.601008553484094321e+00 4.519798584152762144e-01
7.754540088541328480e+00 4.291622537194491049e-01
7.911172782094973321e+00 4.074816926952570251e-01
8.070969273940955091e+00 3.868823727721965589e-01
8.233993469126202669e+00 3.673111813847896312e-01
8.400310563505305694e+00 3.487175690023448515e-01
8.569987069813299385e+00 3.310534280041161348e-01
8.743090844265175576e+00 3.142729771386456039e-01
8.919691113692525875e+00 2.983326513173856775e-01
9.099858503228466233e+00 2.831909965034543064e-01
9.283665064551669843e+00 2.688085694667251557e-01
9.471184304700992485e+00 2.551478421863941359e-01
9.662491215471957773e+00 2.421731101042634560e-01
9.857662303407183302e+00 2.298504021467582259e-01
1.005677562039247697e+01 2.181474008871490122e-01
1.025991079487103974e+01 2.070333651974855527e-01
1.046714906368798381e+01 1.964790547929061160e-01
1.067857330457826492e+01 1.864566583047257697e-01
1.089426806931069791e+01 1.769397247265096784e-01
1.111431961750157704e+01 1.679030980789469885e-01
1.133881595111109242e+01 1.593228551462068099e-01
1.156784684963673371e+01 1.511762461429605187e-01
1.180150390601742671e+01 1.434416381775625304e-01
1.203988056326303280e+01 1.360984612167718544e-01
1.228307215182350554e+01 1.291271550186135486e-01
1.253117592771306299e+01 1.225091213309913857e-01
1.278429111140431118e+01 1.162266787297848297e-01
1.304251892750810526e+01 1.102630181910348173e-01
1.330596264525468087e+01 1.046021607504872691e-01
1.357472761979266629e+01 9.922891717922470434e-02
1.384892133432218131e+01 9.412884958152763215e-02
1.412865344307908444e+01 8.928823482531200728e-02
1.441403581518723342e+01 8.469402971959888449e-02
1.470518257939673568e+01 8.033383785733576310e-02
1.500221016972573551e+01 7.619587800739480166e-02
1.530523737202423362e+01 7.226895315222640892e-02
1.561438537147821748e+01 6.854242205087951456e-02
1.592977780107355201e+01 6.500617309668392518e-02
1.625154079103867133e+01 6.165059839225246752e-02
1.657980301928593647e+01 5.846656902161536523e-02
1.691469576287201448e+01 5.544541151616880909e-02
1.725635295049739426e+01 5.257888545790277701e-02
1.760491121606662546e+01 4.985916216597606476e-02
1.796050995333022726e+01 4.727880441523048954e-02
1.832329137163050703e+01 4.483074713759852697e-02
1.869340055277304558e+01 4.250827905443310684e-02
1.907098550904722956e+01 4.030502481161202938e-02
1.945619724241857540e+01 3.821492818849287626e-02
1.984918980491682916e+01 3.623223700075266229e-02
2.025012036024351758e+01 3.435148810366268901e-02
2.065914924662424212e+01 3.256749305593673038e-02
2.107644004093029011e+01 3.087532448429696971e-02
2.150215962409567538e+01 2.927030311507255317e-02
2.193647824785513478e+01 2.774798544073256781e-02
2.237956960283053220e+01 2.630415199077224334e-02
2.283161088799229077e+01 2.493479617781581281e-02
2.329278288152414333e+01 2.363611369098249371e-02
2.376327001311881304e+01 2.240449224949538423e-02
2.424326043773441697e+01 2.123650177574726641e-02
2.473294611084042316e+01 2.012888572362014558e-02
2.523252286518371434e+01 1.907855248107707263e-02
2.574219048910484275e+01 1.808256711271745074e-02
2.626215280643658545e+01 1.713814351048085008e-02
2.679261775801611378e+01 1.624263693261317545e-02
2.733379748484386340e+01 1.539353691195672995e-02
2.788590841292170452e+01 1.458846051554233379e-02
2.844917133980511537e+01 1.382514593831933244e-02
2.902381152290345767e+01 1.310144641469146616e-02
2.961005876956398808e+01 1.241532436236293148e-02
3.020814752897504007e+01 1.176484564974738210e-02
3.081831698592599267e+01 1.114817466338344221e-02
3.144081115646082480e+01 1.056356944161153735e-02
3.207587898546404404e+01 1.000937694459999756e-02
3.272377444621722020e+01 9.484028560648182643e-03
3.338475664196695902e+01 8.986035837119162040e-03
3.405908990954412019e+01 8.513986424906801881e-03
3.474704392507641160e+01 8.066540225880105067e-03
3.544889381183556054e+01 7.642425733265349047e-03
3.616492025026357027e+01 7.240436555414732703e-03
3.689540959022099997e+01 6.859428086226561361e-03
3.764065396550262221e+01 6.498314182654005462e-03
3.840095141066638007e+01 6.156064347195132173e-03
3.917660598022155227e+01 5.831701017079833106e-03
3.996792787022506133e+01 5.524296869277290495e-03
4.077523354233342445e+01 5.232972260673355094e-03
4.159884585036090954e+01 4.956892797515112178e-03
4.243909416939321488e+01 4.695267027655540548e-03
4.329631452750987819e+01 4.447344249450849510e-03
4.417084974016687227e+01 4.212412431468766545e-03
4.506304954729401402e+01 3.989796237454875522e-03
4.597327075316082556e+01 3.778855143025110219e-03
4.690187736906830196e+01 3.578981540474786630e-03
4.784924075892238449e+01 3.389599104944954720e-03
4.881573978774839162e+01 3.210161299460061353e-03
4.980176097320438089e+01 3.040149849234968608e-03
5.080769864015579174e+01 2.879073290715681785e-03
5.183395507837177973e+01 2.726465594589328693e-03
5.288094070340732600e+01 2.581884859017860318e-03
5.394907422073421799e+01 2.444912069538759773e-03
5.503878279318798405e+01 2.315149922254617579e-03
5.615050221179668455e+01 2.192221707103949452e-03
5.728467707006074505e+01 2.075770245418202039e-03
5.844176094175209357e+01 1.965456789688859850e-03
5.962221656230553180e+01 1.860960069336365253e-03
6.082651601387357232e+01 1.761975519299529636e-03
6.205514091411958333e+01 1.668214424041138252e-03
6.330858260882345689e+01 1.579403096993545414e-03
6.458734236837867115e+01 1.495282102310351502e-03
6.589193158825766261e+01 1.415605516749606548e-03
6.722287199352722098e+01 1.340140229625456751e-03
6.858069584749347314e+01 1.268665278871243139e-03
6.996594616456260951e+01 1.200971221357001201e-03
7.137917692740029452e+01 1.136859535491447672e-03
7.282095330847835157e+01 1.076142024875287578e-03
7.429185189609501094e+01 1.018640258723982903e-03
7.579246092496182996e+01 9.641851264610081136e-04
7.732338051144748192e+01 9.126163605881878809e-04
7.888522289357395323e+01 8.637820761613713766e-04
8.047861267585895462e+01 8.175383341898749155e-04
8.210418707910542935e+01 7.737487277177354560e-04
8.376259619523544586e+01 7.322839894095598380e-04
8.545450324727251257e+01 6.930216195247715892e-04
8.718058485457359552e+01 6.558455332221118164e-04
8.894153130342016311e+01 6.206457261858752857e-04
9.073804682307392966e+01 5.873179104836464453e-04
9.257084986740872523e+01 5.557631174816178837e-04
9.444067340223179485e+01 5.258875671808606019e-04
9.634826519840696335e+01 4.976024306169186256e-04
9.829438813090024496e+01 4.708235678963859378e-04
1.002798204838647678e+02 4.454712801801624547e-04
1.023053562618891874e+02 4.214700748635396448e-04
1.043718055075311213e+02 3.987484432441600556e-04
1.064799946252661869e+02 3.772386500074173120e-04
1.086307667119793621e+02 3.568765338953315937e-04
1.108249818941330176e+02 3.376013189594076957e-04
1.130635176717433694e+02 3.193554528098659995e-04
1.153472692693069206e+02 3.020845114492163013e-04
1.176771499938138987e+02 2.857369569855708422e-04
1.200540915999944644e+02 2.702639492443674333e-04
1.224790446629403249e+02 2.556192057627031610e-04
1.249529789582550308e+02 2.417588690442148578e-04
1.274768838498815455e+02 2.286413806490931327e-04
1.300517686857648130e+02 2.162273617696018396e-04
1.326786632015039800e+02 2.044794999593356282e-04
1.353586179321602856e+02 1.933624417012743887e-04
1.380927046323814693e+02 1.828426905157479968e-04
1.408820167050137968e+02 1.728884790340628802e-04
1.437276696383689512e+02 1.634694033811701986e-04
1.466308014523258407e+02 1.545565385033783115e-04
1.495925731534413501e+02 1.461225590931936925e-04
1.526141691992557980e+02 1.381416500893498556e-04
1.556967979719738651e+02 1.305894199085552124e-04
1.588416922617160196e+02 1.234428188983051789e-04
1.620501097595294198e+02 1.166800626814413778e-04
1.653233335603590888e+02 1.102805600848683033e-04
1.686626726761750490e+02 1.042248453650734585e-04
1.720694625594674960e+02 9.849451446193897429e-05
1.755450656373138827e+02 9.307218719551930486e-05
1.790908718562354238e+02 8.794187117403666780e-05
1.827082992380560711e+02 8.308876861532695803e-05
1.863987944469921558e+02 7.849876066842365508e-05
1.901638333681948438e+02 7.415836610403798556e-05
1.940049216979802793e+02 7.005471945924873192e-05
1.979235955459785714e+02 6.617554934069859050e-05
2.019214220494486369e+02 6.250915694510401509e-05
2.059999999999998579e+02 5.904439484952597896e-05
